240008029,'1033973',1323,,981,2,4,,0
240008029,'1033980',1413,,983,2,4,,0
240008029,'1034003',1832,,984,2,4,,0
240008029,'1034051',1003,,988,2,4,,0
240008029,'1034078',1610,,990,2,4,,0
240008029,'1034123',1645,,991,2,4,,0
240008029,'1034128',1510,,992,2,4,,0
240008029,'1034252',1245,,995,2,4,,0
240008029,'1034259',743,,996,2,4,,0
240008029,'1034275',1937,,997,2,4,,0
240008029,'1034281',1145,,1000,2,4,,0
240008029,'1034316',2034,,1003,2,4,,0
240008029,'1034345',1058,,1004,2,4,,0
240008029,'1034359',2223,,1005,2,4,,0
240008029,'1034384',643,,1007,2,4,,0
240008029,'1034435',903,,1010,2,4,,0
240008029,'1034452',1742,,1012,2,4,,0
240008029,'1035423',1057,,1578,2,,,0
240008029,'1035439',1712,,1579,2,,,0
240008029,'1035450',1642,,1580,2,,,0
240008029,'1035463',827,,1581,2,,,0
240008029,'1035496',1317,,1582,2,,,0
240008029,'1035532',1202,,1583,2,,,0
240008029,'1035549',657,,1584,2,,,0
240008029,'1035589',1932,,1585,2,,,0
240008029,'1035611',2222,,1586,2,,,0
240008029,'1035612',1442,,1587,2,,,0
240008029,'1035653',1612,,1588,2,,,0
240008029,'1035656',942,,1589,2,,,0
240008029,'1035705',1127,,1590,2,,,0
240008029,'1035728',1347,,1591,2,,,0
