6019,'1034657',1105,,1069,7,,,0
6019,'1034658',925,,1070,7,,,0
6019,'1034659',820,,1071,7,,,0
6019,'1034664',1030,,1076,7,,,0
6019,'1034665',1644,,1077,7,,,0
6019,'1034666',1609,,1078,7,,,0
6019,'1034667',1349,,1079,7,,,0
6019,'1034668',1314,,1080,7,,,0
6019,'1034670',1719,,1082,7,,,0
6019,'1034671',1135,,1083,7,,,0
6019,'1034673',1459,,1085,7,,,0
6019,'1034676',2003,,1088,7,,,0
6019,'1034679',1534,,1091,7,,,0
6019,'1034680',2030,,1092,7,,,0
6019,'1034682',1754,,1094,7,,,0
6019,'1034684',1424,,1096,7,,,0
6019,'1034688',1239,,1100,7,,,0
6019,'1034690',1929,,1102,7,,,0
6019,'1034691',1829,,1103,7,,,0
