6019,'1034657',1051,,1069,4,,,0
6019,'1034658',911,,1070,4,,,0
6019,'1034659',806,,1071,4,,,0
6019,'1034664',1016,,1076,4,,,0
6019,'1034665',1630,,1077,4,,,0
6019,'1034666',1555,,1078,4,,,0
6019,'1034667',1335,,1079,4,,,0
6019,'1034668',1300,,1080,4,,,0
6019,'1034670',1705,,1082,4,,,0
6019,'1034671',1121,,1083,4,,,0
6019,'1034673',1445,,1085,4,,,0
6019,'1034676',1949,,1088,4,,,0
6019,'1034679',1520,,1091,4,,,0
6019,'1034680',2016,,1092,4,,,0
6019,'1034682',1740,,1094,4,,,0
6019,'1034684',1410,,1096,4,,,0
6019,'1034688',1225,,1100,4,,,0
6019,'1034690',1915,,1102,4,,,0
6019,'1034691',1815,,1103,4,,,0
