30005019,'1033957',1638,,870,8,,,0
30005019,'1033988',2258,,872,8,,,0
30005019,'1033996',2144,,873,8,,,0
30005019,'1033997',2107,,874,8,,,0
30005019,'1034038',1516,,877,8,,,0
30005019,'1034053',924,,878,8,,,0
30005019,'1034054',814,,879,8,,,0
30005019,'1034061',1435,,880,8,,,0
30005019,'1034077',739,,883,8,,,0
30005019,'1034091',1841,,884,8,,,0
30005019,'1034127',1154,,886,8,,,0
30005019,'1034138',2412,,887,8,,,0
30005019,'1034166',1719,,890,8,,,0
30005019,'1034167',2221,,891,8,,,0
30005019,'1034172',1557,,893,8,,,0
30005019,'1034173',1354,,894,8,,,0
30005019,'1034193',1800,,896,8,,,0
30005019,'1034198',631,,897,8,,,0
30005019,'1034200',705,,898,8,,,0
30005019,'1034204',1313,,900,8,,,0
30005019,'1034253',557,,903,5,,,0
30005019,'1034284',2030,,904,8,,,0
30005019,'1034333',1232,,906,8,,,0
30005019,'1034356',1114,,909,8,,,0
30005019,'1034375',2335,,911,8,,,0
30005019,'1034413',849,,917,8,,,0
30005019,'1034445',1003,,918,8,,,0
30005019,'1034464',1922,,920,8,,,0
30005019,'1035435',814,,1454,8,,,0
30005019,'1035446',924,,1455,8,,,0
30005019,'1035485',631,,1456,8,,,0
30005019,'1035500',739,,1457,8,,,0
30005019,'1035523',2335,,1458,8,,,0
30005019,'1035526',2030,,1459,8,,,0
30005019,'1035533',1232,,1460,8,,,0
30005019,'1035552',1114,,1461,8,,,0
30005019,'1035558',2221,,1462,8,,,0
30005019,'1035560',1841,,1463,8,,,0
30005019,'1035564',1557,,1464,8,,,0
30005019,'1035566',1435,,1465,8,,,0
30005019,'1035571',2107,,1466,8,,,0
30005019,'1035584',2412,,1467,8,,,0
30005019,'1035622',849,,1468,8,,,0
30005019,'1035628',1800,,1469,8,,,0
30005019,'1035630',1719,,1470,8,,,0
30005019,'1035665',705,,1471,8,,,0
30005019,'1035676',1154,,1472,8,,,0
30005019,'1035679',1313,,1473,8,,,0
30005019,'1035685',1354,,1474,8,,,0
30005019,'1035701',1638,,1475,8,,,0
30005019,'1035713',557,,1476,5,,,0
30005019,'1035721',2144,,1477,8,,,0
30005019,'1035727',1922,,1478,8,,,0
30005019,'1035736',2258,,1479,8,,,0
30005019,'1035737',1003,,1480,8,,,0
30005019,'1035739',1516,,1481,8,,,0
