12029,'1034701',1840,,1387,2,0,27,0
12029,'1034705',1007,,1391,2,0,27,0
12029,'1034707',1629,,1393,2,0,27,0
12029,'1034708',1218,,1394,2,0,27,0
12029,'1034709',1727,,1395,2,0,27,0
12029,'1034710',756,,1396,2,0,27,0
12029,'1034711',1120,,1397,2,0,27,0
12029,'1034712',1516,,1398,2,0,27,0
12029,'1034713',1909,,1399,2,0,27,0
12029,'1034717',1658,,1403,2,0,27,0
12029,'1034718',1149,,1404,2,0,27,0
12029,'1034719',1036,,1405,2,0,27,0
12029,'1034721',1446,,1407,2,0,27,0
12029,'1034723',1756,,1409,2,0,27,0
12029,'1034726',909,,1412,2,0,27,0
12029,'1034727',1545,,1413,2,0,27,0
12029,'1034730',938,,1416,2,0,27,0
12029,'1034731',840,,1417,2,0,27,0
12029,'1035429',1629,,1418,2,0,27,0
12029,'1035434',1036,,1420,2,0,27,0
12029,'1035474',1516,,1424,2,0,27,0
12029,'1035490',1840,,1426,2,0,27,0
12029,'1035507',909,,1428,2,0,27,0
12029,'1035534',1727,,1431,2,0,27,0
12029,'1035537',1218,,1432,2,0,27,0
12029,'1035567',756,,1434,2,0,27,0
12029,'1035569',1545,,1435,2,0,27,0
12029,'1035570',1007,,1436,2,0,27,0
12029,'1035623',840,,1441,2,0,27,0
12029,'1035651',1446,,1442,2,0,27,0
12029,'1035681',938,,1445,2,0,27,0
12029,'1035692',1756,,1447,2,0,27,0
12029,'1035703',1149,,1449,2,0,27,0
12029,'1035714',1658,,1451,2,0,27,0
12029,'1035719',1909,,1452,2,0,27,0
12029,'1035729',1120,,1453,2,0,27,0
30005029,'1033976',2350,,871,8,,,0
30005029,'1034033',720,,875,8,,,0
30005029,'1034035',754,,876,8,,,0
30005029,'1034067',1411,,881,8,,,0
30005029,'1034076',646,,882,8,,,0
30005029,'1034110',2122,,885,8,,,0
30005029,'1034148',1452,,888,8,,,0
30005029,'1034156',2313,,889,8,,,0
30005029,'1034169',904,,892,8,,,0
30005029,'1034184',2159,,895,8,,,0
30005029,'1034201',1817,,899,8,,,0
30005029,'1034225',1858,,901,8,,,0
30005029,'1034245',1736,,902,8,,,0
30005029,'1034287',940,,905,8,,,0
30005029,'1034350',2236,,907,8,,,0
30005029,'1034352',612,,908,8,,,0
30005029,'1034367',2045,,910,8,,,0
30005029,'1034377',1655,,912,8,,,0
30005029,'1034390',1020,,913,8,,,0
30005029,'1034399',1330,,914,8,,,0
30005029,'1034403',1533,,915,8,,,0
30005029,'1034404',1131,,916,8,,,0
30005029,'1034447',1211,,919,8,,,0
30005029,'1034470',1938,,921,8,,,0
30005029,'1034471',1614,,922,8,,,0
30005029,'1034472',1249,,923,8,,,0
30005029,'1034480',829,,924,8,,,0
30005029,'1035425',1614,,1482,8,,,0
30005029,'1035426',2122,,1483,8,,,0
30005029,'1035468',1452,,1484,8,,,0
30005029,'1035475',1131,,1485,8,,,0
30005029,'1035481',2313,,1486,8,,,0
30005029,'1035484',1736,,1487,8,,,0
30005029,'1035493',2350,,1488,8,,,0
30005029,'1035503',2236,,1489,8,,,0
30005029,'1035511',754,,1490,8,,,0
30005029,'1035513',646,,1491,8,,,0
30005029,'1035544',1330,,1492,8,,,0
30005029,'1035565',2159,,1493,8,,,0
30005029,'1035572',1858,,1494,8,,,0
30005029,'1035575',612,,1495,8,,,0
30005029,'1035598',1655,,1496,8,,,0
30005029,'1035599',904,,1497,8,,,0
30005029,'1035606',1020,,1498,8,,,0
30005029,'1035609',940,,1499,8,,,0
30005029,'1035616',1533,,1500,8,,,0
30005029,'1035638',1211,,1501,8,,,0
30005029,'1035644',1411,,1502,8,,,0
30005029,'1035660',2045,,1503,8,,,0
30005029,'1035704',829,,1504,8,,,0
30005029,'1035726',1938,,1505,8,,,0
30005029,'1035730',1249,,1506,8,,,0
30005029,'1035741',720,,1507,8,,,0
30005029,'1035742',1817,,1508,8,,,0
