200005019,'1033977',1455,,925,12,,,0
200005019,'1033982',835,,926,12,,,0
200005019,'1033995',2125,,928,12,,,0
200005019,'1034075',949,,933,12,,,0
200005019,'1034079',1335,,934,12,,,0
200005019,'1034092',611,,936,12,,,0
200005019,'1034098',1535,,938,12,,,0
200005019,'1034119',1655,,939,12,,,0
200005019,'1034137',1216,,941,12,,,0
200005019,'1034150',1855,,942,12,,,0
200005019,'1034165',2045,,944,12,,,0
200005019,'1034203',1935,,947,12,,,0
200005019,'1034213',759,,949,12,,,0
200005019,'1034236',1028,,952,12,,,0
200005019,'1034256',723,,953,12,,,0
200005019,'1034264',1415,,954,12,,,0
200005019,'1034274',1137,,955,12,,,0
200005019,'1034279',1255,,956,12,,,0
200005019,'1034318',2318,,962,12,,,0
200005019,'1034341',647,,964,12,,,0
200005019,'1034344',2355,,965,12,,,0
200005019,'1034360',1615,,967,12,,,0
200005019,'1034392',1735,,969,12,,,0
200005019,'1034401',1815,,970,12,,,0
200005019,'1034412',2241,,973,12,,,0
200005019,'1034421',911,,974,12,,,0
200005019,'1034456',2204,,977,12,,,0
200005019,'1035452',611,,1509,12,,,0
200005019,'1035456',2318,,1510,12,,,0
200005019,'1035465',1255,,1511,12,,,0
200005019,'1035476',2241,,1512,12,,,0
200005019,'1035492',1335,,1513,12,,,0
200005019,'1035498',2045,,1514,12,,,0
200005019,'1035530',723,,1515,12,,,0
200005019,'1035539',2355,,1516,12,,,0
200005019,'1035576',949,,1517,12,,,0
200005019,'1035587',1855,,1518,12,,,0
200005019,'1035604',1615,,1519,12,,,0
200005019,'1035607',1815,,1520,12,,,0
200005019,'1035610',759,,1521,12,,,0
200005019,'1035620',1735,,1522,12,,,0
200005019,'1035624',835,,1523,12,,,0
200005019,'1035627',2204,,1524,12,,,0
200005019,'1035633',1535,,1525,12,,,0
200005019,'1035662',911,,1526,12,,,0
200005019,'1035667',1137,,1527,12,,,0
200005019,'1035669',1415,,1528,12,,,0
200005019,'1035677',1655,,1529,12,,,0
200005019,'1035686',647,,1530,12,,,0
200005019,'1035697',1216,,1531,12,,,0
200005019,'1035709',2125,,1532,12,,,0
200005019,'1035735',1028,,1533,12,,,0
200005019,'1035743',1455,,1534,12,,,0
200005019,'1035744',1935,,1535,12,,,0
