30005029,'1033976',2345,,871,3,,,0
30005029,'1034033',715,,875,3,,,0
30005029,'1034035',749,,876,3,,,0
30005029,'1034067',1405,,881,3,,,0
30005029,'1034076',641,,882,3,,,0
30005029,'1034110',2117,,885,3,,,0
30005029,'1034148',1446,,888,3,,,0
30005029,'1034156',2308,,889,3,,,0
30005029,'1034169',859,,892,3,,,0
30005029,'1034184',2154,,895,3,,,0
30005029,'1034201',1811,,899,3,,,0
30005029,'1034225',1852,,901,3,,,0
30005029,'1034245',1730,,902,3,,,0
30005029,'1034287',934,,905,3,,,0
30005029,'1034350',2231,,907,3,,,0
30005029,'1034352',607,,908,3,,,0
30005029,'1034367',2040,,910,3,,,0
30005029,'1034377',1649,,912,3,,,0
30005029,'1034390',1014,,913,3,,,0
30005029,'1034399',1324,,914,3,,,0
30005029,'1034403',1527,,915,3,,,0
30005029,'1034404',1125,,916,3,,,0
30005029,'1034447',1205,,919,3,,,0
30005029,'1034470',1933,,921,3,,,0
30005029,'1034471',1608,,922,3,,,0
30005029,'1034472',1243,,923,3,,,0
30005029,'1034480',824,,924,3,,,0
30005029,'1035425',1608,,1482,3,,,0
30005029,'1035426',2117,,1483,3,,,0
30005029,'1035468',1446,,1484,3,,,0
30005029,'1035475',1125,,1485,3,,,0
30005029,'1035481',2308,,1486,3,,,0
30005029,'1035484',1730,,1487,3,,,0
30005029,'1035493',2345,,1488,3,,,0
30005029,'1035503',2231,,1489,3,,,0
30005029,'1035511',749,,1490,3,,,0
30005029,'1035513',641,,1491,3,,,0
30005029,'1035544',1324,,1492,3,,,0
30005029,'1035565',2154,,1493,3,,,0
30005029,'1035572',1852,,1494,3,,,0
30005029,'1035575',607,,1495,3,,,0
30005029,'1035598',1649,,1496,3,,,0
30005029,'1035599',859,,1497,3,,,0
30005029,'1035606',1014,,1498,3,,,0
30005029,'1035609',934,,1499,3,,,0
30005029,'1035616',1527,,1500,3,,,0
30005029,'1035638',1205,,1501,3,,,0
30005029,'1035644',1405,,1502,3,,,0
30005029,'1035660',2040,,1503,3,,,0
30005029,'1035704',824,,1504,3,,,0
30005029,'1035726',1933,,1505,3,,,0
30005029,'1035730',1243,,1506,3,,,0
30005029,'1035741',715,,1507,3,,,0
30005029,'1035742',1811,,1508,3,,,0
