200005019,'1033977',1453,,925,11,,,0
200005019,'1033982',833,,926,11,,,0
200005019,'1033995',2123,,928,11,,,0
200005019,'1034075',947,,933,11,,,0
200005019,'1034079',1333,,934,11,,,0
200005019,'1034092',609,,936,11,,,0
200005019,'1034098',1533,,938,11,,,0
200005019,'1034119',1653,,939,11,,,0
200005019,'1034137',1214,,941,11,,,0
200005019,'1034150',1853,,942,11,,,0
200005019,'1034165',2043,,944,11,,,0
200005019,'1034203',1933,,947,11,,,0
200005019,'1034213',757,,949,11,,,0
200005019,'1034236',1026,,952,11,,,0
200005019,'1034256',721,,953,11,,,0
200005019,'1034264',1413,,954,11,,,0
200005019,'1034274',1135,,955,11,,,0
200005019,'1034279',1253,,956,11,,,0
200005019,'1034318',2316,,962,11,,,0
200005019,'1034341',645,,964,11,,,0
200005019,'1034344',2353,,965,11,,,0
200005019,'1034360',1613,,967,11,,,0
200005019,'1034392',1733,,969,11,,,0
200005019,'1034401',1813,,970,11,,,0
200005019,'1034412',2239,,973,11,,,0
200005019,'1034421',909,,974,11,,,0
200005019,'1034456',2202,,977,11,,,0
200005019,'1035452',609,,1509,11,,,0
200005019,'1035456',2316,,1510,11,,,0
200005019,'1035465',1253,,1511,11,,,0
200005019,'1035476',2239,,1512,11,,,0
200005019,'1035492',1333,,1513,11,,,0
200005019,'1035498',2043,,1514,11,,,0
200005019,'1035530',721,,1515,11,,,0
200005019,'1035539',2353,,1516,11,,,0
200005019,'1035576',947,,1517,11,,,0
200005019,'1035587',1853,,1518,11,,,0
200005019,'1035604',1613,,1519,11,,,0
200005019,'1035607',1813,,1520,11,,,0
200005019,'1035610',757,,1521,11,,,0
200005019,'1035620',1733,,1522,11,,,0
200005019,'1035624',833,,1523,11,,,0
200005019,'1035627',2202,,1524,11,,,0
200005019,'1035633',1533,,1525,11,,,0
200005019,'1035662',909,,1526,11,,,0
200005019,'1035667',1135,,1527,11,,,0
200005019,'1035669',1413,,1528,11,,,0
200005019,'1035677',1653,,1529,11,,,0
200005019,'1035686',645,,1530,11,,,0
200005019,'1035697',1214,,1531,11,,,0
200005019,'1035709',2123,,1532,11,,,0
200005019,'1035735',1026,,1533,11,,,0
200005019,'1035743',1453,,1534,11,,,0
200005019,'1035744',1933,,1535,11,,,0
