200005029,'1033993',1433,,927,8,,,0
200005029,'1034008',2333,,929,8,,,0
200005029,'1034016',2256,,930,8,,,0
200005029,'1034041',1154,,931,8,,,0
200005029,'1034055',1233,,932,8,,,0
200005029,'1034086',2023,,935,8,,,0
200005029,'1034093',704,,937,8,,,0
200005029,'1034122',1553,,940,8,,,0
200005029,'1034151',628,,943,8,,,0
200005029,'1034170',1913,,945,8,,,0
200005029,'1034187',2103,,946,8,,,0
200005029,'1034207',1353,,948,8,,,0
200005029,'1034217',816,,950,8,,,0
200005029,'1034224',1713,,951,8,,,0
200005029,'1034289',2410,,957,8,,,0
200005029,'1034293',1313,,958,8,,,0
200005029,'1034306',1753,,959,8,,,0
200005029,'1034314',1513,,960,8,,,0
200005029,'1034317',1006,,961,8,,,0
200005029,'1034331',740,,963,8,,,0
200005029,'1034353',1633,,966,8,,,0
200005029,'1034366',928,,968,8,,,0
200005029,'1034405',1115,,971,8,,,0
200005029,'1034409',2142,,972,8,,,0
200005029,'1034442',1833,,975,8,,,0
200005029,'1034450',852,,976,8,,,0
200005029,'1034457',2219,,978,8,,,0
200005029,'1035430',2023,,1536,8,,,0
200005029,'1035444',1833,,1537,8,,,0
200005029,'1035457',928,,1538,8,,,0
200005029,'1035459',2256,,1539,8,,,0
200005029,'1035462',1713,,1540,8,,,0
200005029,'1035464',2142,,1541,8,,,0
200005029,'1035477',852,,1542,8,,,0
200005029,'1035488',740,,1543,8,,,0
200005029,'1035501',2103,,1544,8,,,0
200005029,'1035517',1353,,1545,8,,,0
200005029,'1035559',1633,,1546,8,,,0
200005029,'1035568',1513,,1547,8,,,0
200005029,'1035579',1313,,1548,8,,,0
200005029,'1035581',1115,,1549,8,,,0
200005029,'1035594',2410,,1551,8,,,0
200005029,'1035595',1753,,1552,8,,,0
200005029,'1035602',628,,1553,8,,,0
200005029,'1035605',1233,,1554,8,,,0
200005029,'1035635',1433,,1555,8,,,0
200005029,'1035639',2219,,1556,8,,,0
200005029,'1035645',1553,,1557,8,,,0
200005029,'1035647',816,,1558,8,,,0
200005029,'1035649',704,,1559,8,,,0
200005029,'1035683',1154,,1560,8,,,0
200005029,'1035725',1913,,1561,8,,,0
200005029,'1035734',2333,,1562,8,,,0
200005029,'1035746',1006,,1563,8,,,0
