240008019,'1033971',1454,,980,2,,,0
240008019,'1033978',1551,,982,2,,,0
240008019,'1034030',1359,,985,2,,,0
240008019,'1034036',2018,,986,2,,,0
240008019,'1034037',1913,,987,2,,,0
240008019,'1034063',712,,989,2,,,0
240008019,'1034168',1129,,993,2,,,0
240008019,'1034238',812,,994,2,,,0
240008019,'1034276',1034,,998,2,,,0
240008019,'1034277',1726,,999,2,,,0
240008019,'1034283',1219,,1001,2,,,0
240008019,'1034286',934,,1002,2,,,0
240008019,'1034383',1823,,1006,2,,,0
240008019,'1034388',1651,,1008,2,,,0
240008019,'1034423',2107,,1009,2,,,0
240008019,'1034440',1319,,1011,2,,,0
240008019,'1034475',2247,,1013,2,,,0
240008019,'1035436',2247,,1564,2,,,0
240008019,'1035451',1514,,1565,2,,,0
240008019,'1035494',1349,,1566,2,,,0
240008019,'1035506',1159,,1567,2,,,0
240008019,'1035538',2004,,1568,2,,,0
240008019,'1035545',725,,1569,2,,,0
240008019,'1035585',855,,1570,2,,,0
240008019,'1035629',1647,,1571,2,,,0
240008019,'1035666',1419,,1572,2,,,0
240008019,'1035670',1129,,1573,2,,,0
240008019,'1035675',1717,,1574,2,,,0
240008019,'1035678',1234,,1575,2,,,0
240008019,'1035693',1014,,1576,2,,,0
240008019,'1035722',1744,,1577,2,,,0
