1019,'1033958',2128,,511,4,,,0
1019,'1033964',1604,,512,4,,,0
1019,'1033965',1714,,513,4,,,0
1019,'1033969',1824,,514,4,,,0
1019,'1033974',1642,,515,4,,,0
1019,'1033987',2220,,518,4,,,0
1019,'1034024',659,,524,4,,,0
1019,'1034043',2037,,528,4,,,0
1019,'1034052',1620,,530,4,,,0
1019,'1034065',1030,,532,4,,,0
1019,'1034066',1500,,533,4,,,0
1019,'1034088',1233,,535,4,,,0
1019,'1034095',1132,,536,4,,,0
1019,'1034096',1548,,537,4,,,0
1019,'1034101',1428,,538,4,,,0
1019,'1034105',1051,,539,4,,,0
1019,'1034108',1412,,540,4,,,0
1019,'1034112',1730,,542,4,,,0
1019,'1034124',2005,,544,4,,,0
1019,'1034134',513,,546,4,,,0
1019,'1034139',2102,,547,4,,,0
1019,'1034143',2312,,548,4,,,0
1019,'1034171',606,,550,4,,,0
1019,'1034179',1933,,551,4,,,0
1019,'1034182',2021,,553,4,,,0
1019,'1034191',1340,,555,4,,,0
1019,'1034233',1217,,559,4,,,0
1019,'1034234',633,,560,4,,,0
1019,'1034249',945,,565,4,,,0
1019,'1034250',1658,,566,4,,,0
1019,'1034268',1147,,571,4,,,0
1019,'1034282',821,,573,4,,,0
1019,'1034288',1516,,574,4,,,0
1019,'1034291',1808,,575,4,,,0
1019,'1034303',2154,,578,4,,,0
1019,'1034304',1008,,579,4,,,0
1019,'1034311',2246,,581,4,,,0
1019,'1034315',1444,,583,4,,,0
1019,'1034328',1532,,585,4,,,0
1019,'1034336',1840,,586,4,,,0
1019,'1034340',859,,587,4,,,0
1019,'1034342',1201,,588,4,,,0
1019,'1034362',1324,,591,4,,,0
1019,'1034363',728,,592,4,,,0
1019,'1034364',754,,593,4,,,0
1019,'1034379',1249,,597,4,,,0
1019,'1034385',1856,,598,4,,,0
1019,'1034391',920,,600,4,,,0
1019,'1034394',1308,,601,4,,,0
1019,'1034410',1116,,604,4,,,0
1019,'1034415',1752,,605,4,,,0
1019,'1034462',841,,611,4,,,0
1019,'1034469',1356,,613,4,,,0
1019,'1035428',1453,,1105,4,,,0
1019,'1035437',1211,,1106,4,,,0
1019,'1035441',1359,,1107,4,,,0
1019,'1035442',2121,,1108,4,,,0
1019,'1035443',2054,,1109,4,,,0
1019,'1035447',603,,1110,4,,,0
1019,'1035449',2255,,1111,4,,,0
1019,'1035479',1716,,1112,4,,,0
1019,'1035491',1310,,1113,4,,,0
1019,'1035520',1236,,1114,4,,,0
1019,'1035524',518,,1115,4,,,0
1019,'1035527',1144,,1116,4,,,0
1019,'1035541',1119,,1117,4,,,0
1019,'1035542',1335,,1118,4,,,0
1019,'1035543',2027,,1119,4,,,0
1019,'1035546',1815,,1120,4,,,0
1019,'1035548',1647,,1121,4,,,0
1019,'1035554',2230,,1122,4,,,0
1019,'1035555',1548,,1123,4,,,0
1019,'1035578',743,,1124,4,,,0
1019,'1035583',1746,,1125,4,,,0
1019,'1035590',1518,,1126,4,,,0
1019,'1035593',810,,1127,4,,,0
1019,'1035601',835,,1128,4,,,0
1019,'1035643',2143,,1129,4,,,0
1019,'1035655',1429,,1130,4,,,0
1019,'1035661',653,,1131,4,,,0
1019,'1035664',2208,,1132,4,,,0
1019,'1035674',1052,,1133,4,,,0
1019,'1035684',1027,,1134,4,,,0
1019,'1035702',1909,,1135,4,,,0
1019,'1035710',957,,1136,4,,,0
1019,'1035717',1935,,1137,4,,,0
1019,'1035718',1617,,1138,4,,,0
1019,'1035723',718,,1139,4,,,0
1019,'1035731',901,,1140,4,,,0
1019,'1035733',1845,,1141,4,,,0
7029,'1034953',637,,1377,4,,,0
