1019,'1033958',2129,,511,5,,,0
1019,'1033964',1605,,512,5,,,0
1019,'1033965',1715,,513,5,,,0
1019,'1033969',1825,,514,5,,,0
1019,'1033974',1643,,515,5,,,0
1019,'1033987',2221,,518,5,,,0
1019,'1034024',700,,524,5,,,0
1019,'1034043',2038,,528,5,,,0
1019,'1034052',1621,,530,5,,,0
1019,'1034065',1031,,532,5,,,0
1019,'1034066',1501,,533,5,,,0
1019,'1034088',1234,,535,5,,,0
1019,'1034095',1133,,536,5,,,0
1019,'1034096',1549,,537,5,,,0
1019,'1034101',1429,,538,5,,,0
1019,'1034105',1052,,539,5,,,0
1019,'1034108',1413,,540,5,,,0
1019,'1034112',1731,,542,5,,,0
1019,'1034124',2006,,544,5,,,0
1019,'1034134',514,,546,5,,,0
1019,'1034139',2103,,547,5,,,0
1019,'1034143',2313,,548,5,,,0
1019,'1034171',607,,550,5,,,0
1019,'1034179',1934,,551,5,,,0
1019,'1034182',2022,,553,5,,,0
1019,'1034191',1341,,555,5,,,0
1019,'1034233',1218,,559,5,,,0
1019,'1034234',634,,560,5,,,0
1019,'1034249',946,,565,5,,,0
1019,'1034250',1659,,566,5,,,0
1019,'1034268',1148,,571,5,,,0
1019,'1034282',822,,573,5,,,0
1019,'1034288',1517,,574,5,,,0
1019,'1034291',1809,,575,5,,,0
1019,'1034303',2155,,578,5,,,0
1019,'1034304',1009,,579,5,,,0
1019,'1034311',2247,,581,5,,,0
1019,'1034315',1445,,583,5,,,0
1019,'1034328',1533,,585,5,,,0
1019,'1034336',1841,,586,5,,,0
1019,'1034340',900,,587,5,,,0
1019,'1034342',1202,,588,5,,,0
1019,'1034362',1325,,591,5,,,0
1019,'1034363',729,,592,5,,,0
1019,'1034364',755,,593,5,,,0
1019,'1034379',1250,,597,5,,,0
1019,'1034385',1857,,598,5,,,0
1019,'1034391',921,,600,5,,,0
1019,'1034394',1309,,601,5,,,0
1019,'1034410',1117,,604,5,,,0
1019,'1034415',1753,,605,5,,,0
1019,'1034462',842,,611,5,,,0
1019,'1034469',1357,,613,5,,,0
1019,'1035428',1454,,1105,5,,,0
1019,'1035437',1212,,1106,5,,,0
1019,'1035441',1400,,1107,5,,,0
1019,'1035442',2122,,1108,5,,,0
1019,'1035443',2055,,1109,5,,,0
1019,'1035447',604,,1110,5,,,0
1019,'1035449',2256,,1111,5,,,0
1019,'1035479',1717,,1112,5,,,0
1019,'1035491',1311,,1113,5,,,0
1019,'1035520',1237,,1114,5,,,0
1019,'1035524',519,,1115,5,,,0
1019,'1035527',1145,,1116,5,,,0
1019,'1035541',1120,,1117,5,,,0
1019,'1035542',1336,,1118,5,,,0
1019,'1035543',2028,,1119,5,,,0
1019,'1035546',1816,,1120,5,,,0
1019,'1035548',1648,,1121,5,,,0
1019,'1035554',2231,,1122,5,,,0
1019,'1035555',1549,,1123,5,,,0
1019,'1035578',744,,1124,5,,,0
1019,'1035583',1747,,1125,5,,,0
1019,'1035590',1519,,1126,5,,,0
1019,'1035593',811,,1127,5,,,0
1019,'1035601',836,,1128,5,,,0
1019,'1035643',2144,,1129,5,,,0
1019,'1035655',1430,,1130,5,,,0
1019,'1035661',654,,1131,5,,,0
1019,'1035664',2209,,1132,5,,,0
1019,'1035674',1053,,1133,5,,,0
1019,'1035684',1028,,1134,5,,,0
1019,'1035702',1910,,1135,5,,,0
1019,'1035710',958,,1136,5,,,0
1019,'1035717',1936,,1137,5,,,0
1019,'1035718',1618,,1138,5,,,0
1019,'1035723',719,,1139,5,,,0
1019,'1035731',902,,1140,5,,,0
1019,'1035733',1846,,1141,5,,,0
2029,'1033960',1431,,617,7,,,0
2029,'1033963',2210,,619,7,,,0
2029,'1033970',1307,,622,7,,,0
2029,'1033983',2240,,623,7,,,0
2029,'1033989',1929,,624,7,,,0
2029,'1033990',1722,,625,7,,,0
2029,'1034004',1557,,627,7,,,0
2029,'1034028',817,,630,7,,,0
2029,'1034034',1144,,632,7,,,0
2029,'1034044',2310,,633,7,,,0
2029,'1034064',844,,636,7,,,0
2029,'1034145',1205,,650,7,,,0
2029,'1034149',2334,,651,7,,,0
2029,'1034157',1741,,654,7,,,0
2029,'1034163',1535,,656,7,,,0
2029,'1034164',1051,,657,7,,,0
2029,'1034196',1700,,662,7,,,0
2029,'1034202',1950,,663,7,,,0
2029,'1034205',1639,,664,7,,,0
2029,'1034216',1410,,666,7,,,0
2029,'1034218',750,,667,7,,,0
2029,'1034226',1908,,668,7,,,0
2029,'1034227',1225,,669,7,,,0
2029,'1034230',1453,,671,7,,,0
2029,'1034273',2140,,672,7,,,0
2029,'1034278',2109,,673,7,,,0
2029,'1034285',943,,674,7,,,0
2029,'1034295',1118,,675,7,,,0
2029,'1034296',911,,676,7,,,0
2029,'1034297',1826,,677,7,,,0
2029,'1034308',2040,,679,7,,,0
2029,'1034325',1328,,682,7,,,0
2029,'1034326',723,,683,7,,,0
2029,'1034327',2014,,684,7,,,0
2029,'1034343',1014,,685,7,,,0
2029,'1034355',1618,,686,7,,,0
2029,'1034369',1514,,689,7,,,0
2029,'1034386',1246,,692,7,,,0
2029,'1034395',629,,694,7,,,0
2029,'1034414',1349,,696,7,,,0
2029,'1034433',1802,,697,7,,,0
2029,'1034477',1847,,700,7,,,0
2029,'1034864',1801,,1220,4,,,0
2029,'1034865',1245,,1221,4,,,0
2029,'1034869',2131,,1222,4,,,0
2029,'1034872',2234,,1223,4,,,0
2029,'1034876',2152,,1224,4,,,0
2029,'1034877',1601,,1225,4,,,0
2029,'1034882',1309,,1226,4,,,0
2029,'1034883',1133,,1227,4,,,0
2029,'1034893',1157,,1228,4,,,0
2029,'1034899',951,,1229,4,,,0
2029,'1034901',1737,,1230,4,,,0
2029,'1034902',622,,1231,4,,,0
2029,'1034908',1513,,1232,4,,,0
2029,'1034914',1537,,1233,4,,,0
2029,'1034919',1357,,1234,4,,,0
2029,'1034922',817,,1235,4,,,0
2029,'1034926',2255,,1236,4,,,0
2029,'1034929',1421,,1237,4,,,0
2029,'1034933',2110,,1238,4,,,0
2029,'1034938',1221,,1239,4,,,0
2029,'1034940',1449,,1240,4,,,0
2029,'1034944',732,,1241,4,,,0
2029,'1034945',1934,,1242,4,,,0
2029,'1034947',754,,1243,4,,,0
2029,'1034948',2049,,1244,4,,,0
2029,'1034950',1849,,1245,4,,,0
2029,'1034954',1913,,1246,4,,,0
2029,'1034956',1825,,1247,4,,,0
2029,'1034957',1713,,1248,4,,,0
2029,'1034959',1333,,1249,4,,,0
2029,'1034962',2028,,1250,4,,,0
2029,'1034963',708,,1251,4,,,0
2029,'1034964',1649,,1252,4,,,0
2029,'1034965',903,,1253,4,,,0
2029,'1034970',1045,,1254,4,,,0
2029,'1034971',2213,,1255,4,,,0
2029,'1034976',2316,,1256,4,,,0
2029,'1034979',1625,,1257,4,,,0
2029,'1034980',1109,,1258,4,,,0
2029,'1034987',927,,1259,4,,,0
2029,'1034988',839,,1260,4,,,0
