6029,'1034655',1443,,1067,3,,,0
6029,'1034656',1518,,1068,3,,,0
6029,'1034660',2046,,1072,3,,,0
6029,'1034661',1918,,1073,3,,,0
6029,'1034662',1553,,1074,3,,,0
6029,'1034663',1703,,1075,3,,,0
6029,'1034669',1738,,1081,3,,,0
6029,'1034672',1813,,1084,3,,,0
6029,'1034674',2019,,1086,3,,,0
6029,'1034675',1221,,1087,3,,,0
6029,'1034677',1408,,1089,3,,,0
6029,'1034678',1258,,1090,3,,,0
6029,'1034681',835,,1093,3,,,0
6029,'1034683',1120,,1095,3,,,0
6029,'1034685',1333,,1097,3,,,0
6029,'1034686',1045,,1098,3,,,0
6029,'1034687',1945,,1099,3,,,0
6029,'1034689',1628,,1101,3,,,0
6029,'1034692',940,,1104,3,,,0
