1019,'1033958',2143,,511,12,4,,0
1019,'1033964',1620,,512,12,4,,0
1019,'1033965',1730,,513,12,4,,0
1019,'1033969',1839,,514,12,4,,0
1019,'1033974',1658,,515,12,4,,0
1019,'1033987',2235,,518,12,4,,0
1019,'1034024',711,,524,12,4,,0
1019,'1034043',2052,,528,12,4,,0
1019,'1034052',1636,,530,12,4,,0
1019,'1034065',1046,,532,12,4,,0
1019,'1034066',1516,,533,12,4,,0
1019,'1034088',1249,,535,12,4,,0
1019,'1034095',1148,,536,12,4,,0
1019,'1034096',1604,,537,12,4,,0
1019,'1034101',1444,,538,12,4,,0
1019,'1034105',1107,,539,12,4,,0
1019,'1034108',1428,,540,12,4,,0
1019,'1034112',1746,,542,12,4,,0
1019,'1034124',2020,,544,12,4,,0
1019,'1034134',525,,546,12,4,,0
1019,'1034139',2117,,547,12,4,,0
1019,'1034143',2327,,548,12,4,,0
1019,'1034171',618,,550,12,4,,0
1019,'1034179',1948,,551,12,4,,0
1019,'1034182',2036,,553,12,4,,0
1019,'1034191',1356,,555,12,4,,0
1019,'1034233',1233,,559,12,4,,0
1019,'1034234',645,,560,12,4,,0
1019,'1034249',1001,,565,12,4,,0
1019,'1034250',1714,,566,12,4,,0
1019,'1034268',1203,,571,12,4,,0
1019,'1034282',837,,573,12,4,,0
1019,'1034288',1532,,574,12,4,,0
1019,'1034291',1823,,575,12,4,,0
1019,'1034303',2209,,578,12,4,,0
1019,'1034304',1024,,579,12,4,,0
1019,'1034311',2301,,581,12,4,,0
1019,'1034315',1500,,583,12,4,,0
1019,'1034328',1548,,585,12,4,,0
1019,'1034336',1855,,586,12,4,,0
1019,'1034340',915,,587,12,4,,0
1019,'1034342',1217,,588,12,4,,0
1019,'1034362',1340,,591,12,4,,0
1019,'1034363',740,,592,12,4,,0
1019,'1034364',806,,593,12,4,,0
1019,'1034379',1305,,597,12,4,,0
1019,'1034385',1911,,598,12,4,,0
1019,'1034391',936,,600,12,4,,0
1019,'1034394',1324,,601,12,4,,0
1019,'1034410',1132,,604,12,4,,0
1019,'1034415',1807,,605,12,4,,0
1019,'1034462',857,,611,12,4,,0
1019,'1034469',1412,,613,12,4,,0
1019,'1035428',1507,,1105,12,4,,0
1019,'1035437',1225,,1106,12,4,,0
1019,'1035441',1413,,1107,12,4,,0
1019,'1035442',2133,,1108,12,4,,0
1019,'1035443',2107,,1109,12,4,,0
1019,'1035447',614,,1110,12,4,,0
1019,'1035449',2307,,1111,12,4,,0
1019,'1035479',1730,,1112,12,4,,0
1019,'1035491',1324,,1113,12,4,,0
1019,'1035520',1250,,1114,12,4,,0
1019,'1035524',529,,1115,12,4,,0
1019,'1035527',1158,,1116,12,4,,0
1019,'1035541',1133,,1117,12,4,,0
1019,'1035542',1349,,1118,12,4,,0
1019,'1035543',2040,,1119,12,4,,0
1019,'1035546',1828,,1120,12,4,,0
1019,'1035548',1701,,1121,12,4,,0
1019,'1035554',2242,,1122,12,4,,0
1019,'1035555',1602,,1123,12,4,,0
1019,'1035578',754,,1124,12,4,,0
1019,'1035583',1800,,1125,12,4,,0
1019,'1035590',1532,,1126,12,4,,0
1019,'1035593',824,,1127,12,4,,0
1019,'1035601',849,,1128,12,4,,0
1019,'1035643',2155,,1129,12,4,,0
1019,'1035655',1443,,1130,12,4,,0
1019,'1035661',704,,1131,12,4,,0
1019,'1035664',2220,,1132,12,4,,0
1019,'1035674',1106,,1133,12,4,,0
1019,'1035684',1041,,1134,12,4,,0
1019,'1035702',1922,,1135,12,4,,0
1019,'1035710',1011,,1136,12,4,,0
1019,'1035717',1948,,1137,12,4,,0
1019,'1035718',1631,,1138,12,4,,0
1019,'1035723',729,,1139,12,4,,0
1019,'1035731',915,,1140,12,4,,0
1019,'1035733',1858,,1141,12,4,,0
