6019,'1034657',1100,,1069,6,,,0
6019,'1034658',920,,1070,6,,,0
6019,'1034659',815,,1071,6,,,0
6019,'1034664',1025,,1076,6,,,0
6019,'1034665',1639,,1077,6,,,0
6019,'1034666',1604,,1078,6,,,0
6019,'1034667',1344,,1079,6,,,0
6019,'1034668',1309,,1080,6,,,0
6019,'1034670',1714,,1082,6,,,0
6019,'1034671',1130,,1083,6,,,0
6019,'1034673',1454,,1085,6,,,0
6019,'1034676',1958,,1088,6,,,0
6019,'1034679',1529,,1091,6,,,0
6019,'1034680',2025,,1092,6,,,0
6019,'1034682',1749,,1094,6,,,0
6019,'1034684',1419,,1096,6,,,0
6019,'1034688',1234,,1100,6,,,0
6019,'1034690',1924,,1102,6,,,0
6019,'1034691',1824,,1103,6,,,0
6029,'1034655',1449,,1067,5,,,0
6029,'1034656',1524,,1068,5,,,0
6029,'1034660',2052,,1072,5,,,0
6029,'1034661',1924,,1073,5,,,0
6029,'1034662',1559,,1074,5,,,0
6029,'1034663',1709,,1075,5,,,0
6029,'1034669',1744,,1081,5,,,0
6029,'1034672',1819,,1084,5,,,0
6029,'1034674',2025,,1086,5,,,0
6029,'1034675',1227,,1087,5,,,0
6029,'1034677',1414,,1089,5,,,0
6029,'1034678',1304,,1090,5,,,0
6029,'1034681',841,,1093,5,,,0
6029,'1034683',1126,,1095,5,,,0
6029,'1034685',1339,,1097,5,,,0
6029,'1034686',1051,,1098,5,,,0
6029,'1034687',1951,,1099,5,,,0
6029,'1034689',1634,,1101,5,,,0
6029,'1034692',946,,1104,5,,,0
