12029,'1033998',1214,,851,6,,,0
12029,'1034029',1557,,852,6,,,0
12029,'1034109',832,,854,6,,,0
12029,'1034152',1807,,856,6,,,0
12029,'1034290',1318,,860,6,,,0
12029,'1034406',936,,862,6,,,0
12029,'1034408',1040,,863,6,,,0
12029,'1034425',1702,,865,6,,,0
12029,'1034428',1422,,866,6,,,0
200005019,'1033977',1449,,925,8,,,0
200005019,'1033982',830,,926,8,,,0
200005019,'1033995',2119,,928,8,,,0
200005019,'1034075',943,,933,8,,,0
200005019,'1034079',1329,,934,8,,,0
200005019,'1034092',606,,936,8,,,0
200005019,'1034098',1529,,938,8,,,0
200005019,'1034119',1649,,939,8,,,0
200005019,'1034137',1210,,941,8,,,0
200005019,'1034150',1849,,942,8,,,0
200005019,'1034165',2039,,944,8,,,0
200005019,'1034203',1929,,947,8,,,0
200005019,'1034213',754,,949,8,,,0
200005019,'1034236',1022,,952,8,,,0
200005019,'1034256',718,,953,8,,,0
200005019,'1034264',1409,,954,8,,,0
200005019,'1034274',1131,,955,8,,,0
200005019,'1034279',1249,,956,8,,,0
200005019,'1034318',2312,,962,8,,,0
200005019,'1034341',642,,964,8,,,0
200005019,'1034344',2349,,965,8,,,0
200005019,'1034360',1609,,967,8,,,0
200005019,'1034392',1729,,969,8,,,0
200005019,'1034401',1809,,970,8,,,0
200005019,'1034412',2235,,973,8,,,0
200005019,'1034421',906,,974,8,,,0
200005019,'1034456',2158,,977,8,,,0
200005019,'1035452',606,,1509,8,,,0
200005019,'1035456',2312,,1510,8,,,0
200005019,'1035465',1249,,1511,8,,,0
200005019,'1035476',2235,,1512,8,,,0
200005019,'1035492',1329,,1513,8,,,0
200005019,'1035498',2039,,1514,8,,,0
200005019,'1035530',718,,1515,8,,,0
200005019,'1035539',2349,,1516,8,,,0
200005019,'1035576',943,,1517,8,,,0
200005019,'1035587',1849,,1518,8,,,0
200005019,'1035604',1609,,1519,8,,,0
200005019,'1035607',1809,,1520,8,,,0
200005019,'1035610',754,,1521,8,,,0
200005019,'1035620',1729,,1522,8,,,0
200005019,'1035624',830,,1523,8,,,0
200005019,'1035627',2158,,1524,8,,,0
200005019,'1035633',1529,,1525,8,,,0
200005019,'1035662',906,,1526,8,,,0
200005019,'1035667',1131,,1527,8,,,0
200005019,'1035669',1409,,1528,8,,,0
200005019,'1035677',1649,,1529,8,,,0
200005019,'1035686',642,,1530,8,,,0
200005019,'1035697',1210,,1531,8,,,0
200005019,'1035709',2119,,1532,8,,,0
200005019,'1035735',1022,,1533,8,,,0
200005019,'1035743',1449,,1534,8,,,0
200005019,'1035744',1929,,1535,8,,,0
