200005019,'1033977',1446,,925,4,,,0
200005019,'1033982',827,,926,4,,,0
200005019,'1033995',2116,,928,4,,,0
200005019,'1034075',940,,933,4,,,0
200005019,'1034079',1326,,934,4,,,0
200005019,'1034092',603,,936,4,,,0
200005019,'1034098',1526,,938,4,,,0
200005019,'1034119',1646,,939,4,,,0
200005019,'1034137',1207,,941,4,,,0
200005019,'1034150',1846,,942,4,,,0
200005019,'1034165',2036,,944,4,,,0
200005019,'1034203',1926,,947,4,,,0
200005019,'1034213',751,,949,4,,,0
200005019,'1034236',1019,,952,4,,,0
200005019,'1034256',715,,953,4,,,0
200005019,'1034264',1406,,954,4,,,0
200005019,'1034274',1128,,955,4,,,0
200005019,'1034279',1246,,956,4,,,0
200005019,'1034318',2309,,962,4,,,0
200005019,'1034341',639,,964,4,,,0
200005019,'1034344',2346,,965,4,,,0
200005019,'1034360',1606,,967,4,,,0
200005019,'1034392',1726,,969,4,,,0
200005019,'1034401',1806,,970,4,,,0
200005019,'1034412',2232,,973,4,,,0
200005019,'1034421',903,,974,4,,,0
200005019,'1034456',2155,,977,4,,,0
200005019,'1035452',603,,1509,4,,,0
200005019,'1035456',2309,,1510,4,,,0
200005019,'1035465',1246,,1511,4,,,0
200005019,'1035476',2232,,1512,4,,,0
200005019,'1035492',1326,,1513,4,,,0
200005019,'1035498',2036,,1514,4,,,0
200005019,'1035530',715,,1515,4,,,0
200005019,'1035539',2346,,1516,4,,,0
200005019,'1035576',940,,1517,4,,,0
200005019,'1035587',1846,,1518,4,,,0
200005019,'1035604',1606,,1519,4,,,0
200005019,'1035607',1806,,1520,4,,,0
200005019,'1035610',751,,1521,4,,,0
200005019,'1035620',1726,,1522,4,,,0
200005019,'1035624',827,,1523,4,,,0
200005019,'1035627',2155,,1524,4,,,0
200005019,'1035633',1526,,1525,4,,,0
200005019,'1035662',903,,1526,4,,,0
200005019,'1035667',1128,,1527,4,,,0
200005019,'1035669',1406,,1528,4,,,0
200005019,'1035677',1646,,1529,4,,,0
200005019,'1035686',639,,1530,4,,,0
200005019,'1035697',1207,,1531,4,,,0
200005019,'1035709',2116,,1532,4,,,0
200005019,'1035735',1019,,1533,4,,,0
200005019,'1035743',1446,,1534,4,,,0
200005019,'1035744',1926,,1535,4,,,0
