30005019,'1033957',1641,,870,11,,,0
30005019,'1033988',2300,,872,11,,,0
30005019,'1033996',2146,,873,11,,,0
30005019,'1033997',2109,,874,11,,,0
30005019,'1034038',1519,,877,11,,,0
30005019,'1034053',926,,878,11,,,0
30005019,'1034054',816,,879,11,,,0
30005019,'1034061',1438,,880,11,,,0
30005019,'1034077',741,,883,11,,,0
30005019,'1034091',1844,,884,11,,,0
30005019,'1034127',1157,,886,11,,,0
30005019,'1034138',2414,,887,11,,,0
30005019,'1034166',1722,,890,11,,,0
30005019,'1034167',2223,,891,11,,,0
30005019,'1034172',1600,,893,11,,,0
30005019,'1034173',1357,,894,11,,,0
30005019,'1034193',1803,,896,11,,,0
30005019,'1034198',633,,897,11,,,0
30005019,'1034200',707,,898,11,,,0
30005019,'1034204',1316,,900,11,,,0
30005019,'1034253',559,,903,8,,,0
30005019,'1034284',2032,,904,11,,,0
30005019,'1034333',1235,,906,11,,,0
30005019,'1034356',1117,,909,11,,,0
30005019,'1034375',2337,,911,11,,,0
30005019,'1034413',851,,917,11,,,0
30005019,'1034445',1006,,918,11,,,0
30005019,'1034464',1925,,920,11,,,0
30005019,'1035435',816,,1454,11,,,0
30005019,'1035446',926,,1455,11,,,0
30005019,'1035485',633,,1456,11,,,0
30005019,'1035500',741,,1457,11,,,0
30005019,'1035523',2337,,1458,11,,,0
30005019,'1035526',2032,,1459,11,,,0
30005019,'1035533',1235,,1460,11,,,0
30005019,'1035552',1117,,1461,11,,,0
30005019,'1035558',2223,,1462,11,,,0
30005019,'1035560',1844,,1463,11,,,0
30005019,'1035564',1600,,1464,11,,,0
30005019,'1035566',1438,,1465,11,,,0
30005019,'1035571',2109,,1466,11,,,0
30005019,'1035584',2414,,1467,11,,,0
30005019,'1035622',851,,1468,11,,,0
30005019,'1035628',1803,,1469,11,,,0
30005019,'1035630',1722,,1470,11,,,0
30005019,'1035665',707,,1471,11,,,0
30005019,'1035676',1157,,1472,11,,,0
30005019,'1035679',1316,,1473,11,,,0
30005019,'1035685',1357,,1474,11,,,0
30005019,'1035701',1641,,1475,11,,,0
30005019,'1035713',559,,1476,8,,,0
30005019,'1035721',2146,,1477,11,,,0
30005019,'1035727',1925,,1478,11,,,0
30005019,'1035736',2300,,1479,11,,,0
30005019,'1035737',1006,,1480,11,,,0
30005019,'1035739',1519,,1481,11,,,0
