30005019,'1033957',1639,,870,9,,,0
30005019,'1033988',2259,,872,9,,,0
30005019,'1033996',2145,,873,9,,,0
30005019,'1033997',2108,,874,9,,,0
30005019,'1034038',1517,,877,9,,,0
30005019,'1034053',925,,878,9,,,0
30005019,'1034054',815,,879,9,,,0
30005019,'1034061',1436,,880,9,,,0
30005019,'1034077',740,,883,9,,,0
30005019,'1034091',1842,,884,9,,,0
30005019,'1034127',1155,,886,9,,,0
30005019,'1034138',2413,,887,9,,,0
30005019,'1034166',1720,,890,9,,,0
30005019,'1034167',2222,,891,9,,,0
30005019,'1034172',1558,,893,9,,,0
30005019,'1034173',1355,,894,9,,,0
30005019,'1034193',1801,,896,9,,,0
30005019,'1034198',632,,897,9,,,0
30005019,'1034200',706,,898,9,,,0
30005019,'1034204',1314,,900,9,,,0
30005019,'1034253',558,,903,6,,,0
30005019,'1034284',2031,,904,9,,,0
30005019,'1034333',1233,,906,9,,,0
30005019,'1034356',1115,,909,9,,,0
30005019,'1034375',2336,,911,9,,,0
30005019,'1034413',850,,917,9,,,0
30005019,'1034445',1004,,918,9,,,0
30005019,'1034464',1923,,920,9,,,0
30005019,'1035435',815,,1454,9,,,0
30005019,'1035446',925,,1455,9,,,0
30005019,'1035485',632,,1456,9,,,0
30005019,'1035500',740,,1457,9,,,0
30005019,'1035523',2336,,1458,9,,,0
30005019,'1035526',2031,,1459,9,,,0
30005019,'1035533',1233,,1460,9,,,0
30005019,'1035552',1115,,1461,9,,,0
30005019,'1035558',2222,,1462,9,,,0
30005019,'1035560',1842,,1463,9,,,0
30005019,'1035564',1558,,1464,9,,,0
30005019,'1035566',1436,,1465,9,,,0
30005019,'1035571',2108,,1466,9,,,0
30005019,'1035584',2413,,1467,9,,,0
30005019,'1035622',850,,1468,9,,,0
30005019,'1035628',1801,,1469,9,,,0
30005019,'1035630',1720,,1470,9,,,0
30005019,'1035665',706,,1471,9,,,0
30005019,'1035676',1155,,1472,9,,,0
30005019,'1035679',1314,,1473,9,,,0
30005019,'1035685',1355,,1474,9,,,0
30005019,'1035701',1639,,1475,9,,,0
30005019,'1035713',558,,1476,6,,,0
30005019,'1035721',2145,,1477,9,,,0
30005019,'1035727',1923,,1478,9,,,0
30005019,'1035736',2259,,1479,9,,,0
30005019,'1035737',1004,,1480,9,,,0
30005019,'1035739',1517,,1481,9,,,0
