200005029,'1033993',1434,,927,9,,,0
200005029,'1034008',2334,,929,9,,,0
200005029,'1034016',2257,,930,9,,,0
200005029,'1034041',1155,,931,9,,,0
200005029,'1034055',1234,,932,9,,,0
200005029,'1034086',2024,,935,9,,,0
200005029,'1034093',705,,937,9,,,0
200005029,'1034122',1554,,940,9,,,0
200005029,'1034151',629,,943,9,,,0
200005029,'1034170',1914,,945,9,,,0
200005029,'1034187',2104,,946,9,,,0
200005029,'1034207',1354,,948,9,,,0
200005029,'1034217',817,,950,9,,,0
200005029,'1034224',1714,,951,9,,,0
200005029,'1034289',2411,,957,9,,,0
200005029,'1034293',1314,,958,9,,,0
200005029,'1034306',1754,,959,9,,,0
200005029,'1034314',1514,,960,9,,,0
200005029,'1034317',1007,,961,9,,,0
200005029,'1034331',741,,963,9,,,0
200005029,'1034353',1634,,966,9,,,0
200005029,'1034366',929,,968,9,,,0
200005029,'1034405',1116,,971,9,,,0
200005029,'1034409',2143,,972,9,,,0
200005029,'1034442',1834,,975,9,,,0
200005029,'1034450',853,,976,9,,,0
200005029,'1034457',2220,,978,9,,,0
200005029,'1035430',2024,,1536,9,,,0
200005029,'1035444',1834,,1537,9,,,0
200005029,'1035457',929,,1538,9,,,0
200005029,'1035459',2257,,1539,9,,,0
200005029,'1035462',1714,,1540,9,,,0
200005029,'1035464',2143,,1541,9,,,0
200005029,'1035477',853,,1542,9,,,0
200005029,'1035488',741,,1543,9,,,0
200005029,'1035501',2104,,1544,9,,,0
200005029,'1035517',1354,,1545,9,,,0
200005029,'1035559',1634,,1546,9,,,0
200005029,'1035568',1514,,1547,9,,,0
200005029,'1035579',1314,,1548,9,,,0
200005029,'1035581',1116,,1549,9,,,0
200005029,'1035594',2411,,1551,9,,,0
200005029,'1035595',1754,,1552,9,,,0
200005029,'1035602',629,,1553,9,,,0
200005029,'1035605',1234,,1554,9,,,0
200005029,'1035635',1434,,1555,9,,,0
200005029,'1035639',2220,,1556,9,,,0
200005029,'1035645',1554,,1557,9,,,0
200005029,'1035647',817,,1558,9,,,0
200005029,'1035649',705,,1559,9,,,0
200005029,'1035683',1155,,1560,9,,,0
200005029,'1035725',1914,,1561,9,,,0
200005029,'1035734',2334,,1562,9,,,0
200005029,'1035746',1007,,1563,9,,,0
