200005019,'1033977',1440,,925,1,,,0
200005019,'1033982',821,,926,1,,,0
200005019,'1033995',2110,,928,1,,,0
200005019,'1034075',934,,933,1,,,0
200005019,'1034079',1320,,934,1,,,0
200005019,'1034092',557,,936,1,,,0
200005019,'1034098',1520,,938,1,,,0
200005019,'1034119',1640,,939,1,,,0
200005019,'1034137',1201,,941,1,,,0
200005019,'1034150',1840,,942,1,,,0
200005019,'1034165',2030,,944,1,,,0
200005019,'1034203',1920,,947,1,,,0
200005019,'1034213',745,,949,1,,,0
200005019,'1034236',1013,,952,1,,,0
200005019,'1034256',709,,953,1,,,0
200005019,'1034264',1400,,954,1,,,0
200005019,'1034274',1122,,955,1,,,0
200005019,'1034279',1240,,956,1,,,0
200005019,'1034318',2303,,962,1,,,0
200005019,'1034341',633,,964,1,,,0
200005019,'1034344',2340,,965,1,,,0
200005019,'1034360',1600,,967,1,,,0
200005019,'1034392',1720,,969,1,,,0
200005019,'1034401',1800,,970,1,,,0
200005019,'1034412',2226,,973,1,,,0
200005019,'1034421',857,,974,1,,,0
200005019,'1034456',2149,,977,1,,,0
200005019,'1035452',557,,1509,1,,,0
200005019,'1035456',2303,,1510,1,,,0
200005019,'1035465',1240,,1511,1,,,0
200005019,'1035476',2226,,1512,1,,,0
200005019,'1035492',1320,,1513,1,,,0
200005019,'1035498',2030,,1514,1,,,0
200005019,'1035530',709,,1515,1,,,0
200005019,'1035539',2340,,1516,1,,,0
200005019,'1035576',934,,1517,1,,,0
200005019,'1035587',1840,,1518,1,,,0
200005019,'1035604',1600,,1519,1,,,0
200005019,'1035607',1800,,1520,1,,,0
200005019,'1035610',745,,1521,1,,,0
200005019,'1035620',1720,,1522,1,,,0
200005019,'1035624',821,,1523,1,,,0
200005019,'1035627',2149,,1524,1,,,0
200005019,'1035633',1520,,1525,1,,,0
200005019,'1035662',857,,1526,1,,,0
200005019,'1035667',1122,,1527,1,,,0
200005019,'1035669',1400,,1528,1,,,0
200005019,'1035677',1640,,1529,1,,,0
200005019,'1035686',633,,1530,1,,,0
200005019,'1035697',1201,,1531,1,,,0
200005019,'1035709',2110,,1532,1,,,0
200005019,'1035735',1013,,1533,1,,,0
200005019,'1035743',1440,,1534,1,,,0
200005019,'1035744',1920,,1535,1,,,0
200005029,'1033993',1439,,927,13,4,,0
200005029,'1034008',2339,,929,13,4,,0
200005029,'1034016',2302,,930,13,4,,0
200005029,'1034041',1200,,931,13,4,,0
200005029,'1034055',1239,,932,13,4,,0
200005029,'1034086',2029,,935,13,4,,0
200005029,'1034093',709,,937,13,4,,0
200005029,'1034122',1559,,940,13,4,,0
200005029,'1034151',633,,943,13,4,,0
200005029,'1034170',1919,,945,13,4,,0
200005029,'1034187',2109,,946,13,4,,0
200005029,'1034207',1359,,948,13,4,,0
200005029,'1034217',821,,950,13,4,,0
200005029,'1034224',1719,,951,13,4,,0
200005029,'1034289',2416,,957,13,4,,0
200005029,'1034293',1319,,958,13,4,,0
200005029,'1034306',1759,,959,13,4,,0
200005029,'1034314',1519,,960,13,4,,0
200005029,'1034317',1012,,961,13,4,,0
200005029,'1034331',745,,963,13,4,,0
200005029,'1034353',1639,,966,13,4,,0
200005029,'1034366',933,,968,13,4,,0
200005029,'1034405',1121,,971,13,4,,0
200005029,'1034409',2148,,972,13,4,,0
200005029,'1034442',1839,,975,13,4,,0
200005029,'1034450',857,,976,13,4,,0
200005029,'1034457',2225,,978,13,4,,0
200005029,'1034459',557,,979,3,4,,0
200005029,'1035430',2029,,1536,13,4,,0
200005029,'1035444',1839,,1537,13,4,,0
200005029,'1035457',933,,1538,13,4,,0
200005029,'1035459',2302,,1539,13,4,,0
200005029,'1035462',1719,,1540,13,4,,0
200005029,'1035464',2148,,1541,13,4,,0
200005029,'1035477',857,,1542,13,4,,0
200005029,'1035488',745,,1543,13,4,,0
200005029,'1035501',2109,,1544,13,4,,0
200005029,'1035517',1359,,1545,13,4,,0
200005029,'1035559',1639,,1546,13,4,,0
200005029,'1035568',1519,,1547,13,4,,0
200005029,'1035579',1319,,1548,13,4,,0
200005029,'1035581',1121,,1549,13,4,,0
200005029,'1035591',557,,1550,3,4,,0
200005029,'1035594',2416,,1551,13,4,,0
200005029,'1035595',1759,,1552,13,4,,0
200005029,'1035602',633,,1553,13,4,,0
200005029,'1035605',1239,,1554,13,4,,0
200005029,'1035635',1439,,1555,13,4,,0
200005029,'1035639',2225,,1556,13,4,,0
200005029,'1035645',1559,,1557,13,4,,0
200005029,'1035647',821,,1558,13,4,,0
200005029,'1035649',709,,1559,13,4,,0
200005029,'1035683',1200,,1560,13,4,,0
200005029,'1035725',1919,,1561,13,4,,0
200005029,'1035734',2339,,1562,13,4,,0
200005029,'1035746',1012,,1563,13,4,,0
