1029,'1033981',2318,,516,6,0,26,0
1029,'1033986',2253,,517,6,0,26,0
1029,'1034005',2201,,519,6,0,26,0
1029,'1034007',703,,520,6,,,0
1029,'1034015',1407,,521,6,0,26,0
1029,'1034017',1158,,522,6,0,26,0
1029,'1034018',729,,523,6,,,0
1029,'1034027',636,,525,6,,,0
1029,'1034039',1844,,526,6,0,26,0
1029,'1034040',1703,,527,6,,,0
1029,'1034045',1315,,529,6,0,26,0
1029,'1034060',1259,,531,6,,,0
1029,'1034069',1002,,534,6,0,26,0
1029,'1034111',1527,,541,6,0,26,0
1029,'1034117',1027,,543,6,0,26,0
1029,'1034132',1455,,545,6,0,26,0
1029,'1034144',2110,,549,6,0,26,0
1029,'1034180',1900,,552,6,0,26,0
1029,'1034183',1725,,554,6,,,0
1029,'1034209',2006,,556,6,0,26,0
1029,'1034212',1916,,557,6,0,26,0
1029,'1034214',1423,,558,6,0,26,0
1029,'1034239',1615,,561,6,,,0
1029,'1034241',1647,,562,6,,,0
1029,'1034243',1439,,563,6,0,26,0
1029,'1034248',824,,564,6,,,0
1029,'1034251',2227,,567,6,0,26,0
1029,'1034261',1050,,568,6,0,26,0
1029,'1034262',901,,569,6,0,26,0
1029,'1034265',1133,,570,6,0,26,0
1029,'1034280',1214,,572,6,0,26,0
1029,'1034292',1112,,576,6,0,26,0
1029,'1034300',543,,577,6,,,0
1029,'1034307',1813,,580,6,,,0
1029,'1034313',1511,,582,6,0,26,0
1029,'1034319',1351,,584,6,0,26,0
1029,'1034346',2054,,589,6,0,26,0
1029,'1034358',941,,590,6,0,26,0
1029,'1034368',2038,,594,6,0,26,0
1029,'1034371',1741,,595,6,,,0
1029,'1034378',1559,,596,6,0,26,0
1029,'1034387',1757,,599,6,,,0
1029,'1034396',1331,,602,6,0,26,0
1029,'1034402',2345,,603,6,0,26,0
1029,'1034416',1229,,606,6,0,26,0
1029,'1034417',2135,,607,6,0,26,0
1029,'1034430',921,,608,6,0,26,0
1029,'1034434',1932,,609,6,0,26,0
1029,'1034444',758,,610,6,,,0
1029,'1034465',1543,,612,6,0,26,0
1029,'1034476',1243,,614,6,,,0
1029,'1034478',1828,,615,6,0,26,0
1029,'1034479',1631,,616,6,,,0
1029,'1035427',2150,,1142,6,0,26,0
1029,'1035432',2212,,1143,6,0,26,0
1029,'1035440',1408,,1144,6,0,26,0
1029,'1035448',1917,,1145,6,0,26,0
1029,'1035453',627,,1146,6,,,0
1029,'1035458',1152,,1147,6,0,26,0
1029,'1035470',1651,,1148,6,,,0
1029,'1035473',1939,,1149,6,0,26,0
1029,'1035478',1310,,1150,6,,,0
1029,'1035482',1721,,1151,6,,,0
1029,'1035483',1552,,1152,6,,,0
1029,'1035497',843,,1153,6,0,26,0
1029,'1035502',1820,,1154,6,,,0
1029,'1035505',717,,1155,6,,,0
1029,'1035509',1622,,1156,6,,,0
1029,'1035512',1100,,1157,6,0,26,0
1029,'1035518',742,,1158,6,,,0
1029,'1035521',2006,,1159,6,0,26,0
1029,'1035550',1343,,1160,6,0,26,0
1029,'1035561',1217,,1161,6,0,26,0
1029,'1035573',1750,,1162,6,,,0
1029,'1035582',807,,1163,6,,,0
1029,'1035586',1526,,1164,6,0,26,0
1029,'1035588',2237,,1165,6,0,26,0
1029,'1035621',2058,,1166,6,0,26,0
1029,'1035648',2125,,1167,6,0,26,0
1029,'1035654',908,,1168,6,0,26,0
1029,'1035682',2324,,1169,6,0,26,0
1029,'1035696',934,,1170,6,0,26,0
1029,'1035698',1502,,1171,6,0,26,0
1029,'1035699',1125,,1172,6,0,26,0
1029,'1035706',1432,,1173,6,0,26,0
1029,'1035707',1245,,1174,6,,,0
1029,'1035708',1847,,1175,6,0,26,0
1029,'1035712',1030,,1176,6,0,26,0
1029,'1035715',541,,1177,6,,,0
1029,'1035745',2259,,1178,6,0,26,0
2019,'1033961',1417,,618,4,,,0
2019,'1033967',1707,,620,4,,,0
2019,'1033968',1830,,621,4,,,0
2019,'1033999',1521,,626,4,,,0
2019,'1034006',1007,,628,4,,,0
2019,'1034011',1542,,629,4,,,0
2019,'1034031',1333,,631,4,,,0
2019,'1034048',2104,,634,4,,,0
2019,'1034049',1231,,635,4,,,0
2019,'1034068',810,,637,4,,,0
2019,'1034071',2333,,638,4,,,0
2019,'1034081',1953,,639,4,,,0
2019,'1034082',649,,640,4,,,0
2019,'1034085',1038,,641,4,,,0
2019,'1034087',935,,642,4,,,0
2019,'1034097',2133,,643,4,,,0
2019,'1034100',1728,,644,4,,,0
2019,'1034113',2354,,645,4,,,0
2019,'1034114',1750,,646,4,,,0
2019,'1034115',1312,,647,4,,,0
2019,'1034125',2204,,648,4,,,0
2019,'1034131',2014,,649,4,,,0
2019,'1034153',2300,,652,4,,,0
2019,'1034155',908,,653,4,,,0
2019,'1034162',743,,655,4,,,0
2019,'1034175',1809,,658,4,,,0
2019,'1034176',1251,,659,4,,,0
2019,'1034186',837,,660,4,,,0
2019,'1034195',1356,,661,4,,,0
2019,'1034206',1438,,665,4,,,0
2019,'1034229',2038,,670,4,,,0
2019,'1034302',1646,,678,4,,,0
2019,'1034322',2233,,680,4,,,0
2019,'1034324',1852,,681,4,,,0
2019,'1034357',1210,,687,4,,,0
2019,'1034361',1144,,688,4,,,0
2019,'1034374',1913,,690,4,,,0
2019,'1034381',1603,,691,4,,,0
2019,'1034389',1625,,693,4,,,0
2019,'1034400',1117,,695,4,,,0
2019,'1034446',1934,,698,4,,,0
2019,'1034461',1459,,699,4,,,0
2019,'1034867',947,,1179,4,,,0
2019,'1034868',2231,,1180,4,,,0
2019,'1034870',812,,1181,4,,,0
2019,'1034871',1733,,1182,4,,,0
2019,'1034874',1509,,1183,4,,,0
2019,'1034878',2331,,1184,4,,,0
2019,'1034879',2210,,1185,4,,,0
2019,'1034881',1241,,1186,4,,,0
2019,'1034886',1441,,1187,4,,,0
2019,'1034889',1011,,1188,4,,,0
2019,'1034891',923,,1189,4,,,0
2019,'1034896',1621,,1190,4,,,0
2019,'1034897',2252,,1191,4,,,0
2019,'1034898',1757,,1192,4,,,0
2019,'1034903',1329,,1193,4,,,0
2019,'1034909',1217,,1194,4,,,0
2019,'1034911',1417,,1195,4,,,0
2019,'1034912',859,,1196,4,,,0
2019,'1034913',1645,,1197,4,,,0
2019,'1034916',1845,,1198,4,,,0
2019,'1034917',1353,,1199,4,,,0
2019,'1034920',1557,,1200,4,,,0
2019,'1034923',1129,,1201,4,,,0
2019,'1034925',1305,,1202,4,,,0
2019,'1034927',641,,1203,4,,,0
2019,'1034935',750,,1204,4,,,0
2019,'1034942',1153,,1205,4,,,0
2019,'1034946',1105,,1206,4,,,0
2019,'1034955',1821,,1207,4,,,0
2019,'1034958',1907,,1208,4,,,0
2019,'1034960',2313,,1209,4,,,0
2019,'1034961',2107,,1210,4,,,0
2019,'1034966',2149,,1211,4,,,0
2019,'1034967',1952,,1212,4,,,0
2019,'1034968',2128,,1213,4,,,0
2019,'1034969',2046,,1214,4,,,0
2019,'1034973',1931,,1215,4,,,0
2019,'1034977',727,,1216,4,,,0
2019,'1034984',1709,,1217,4,,,0
2019,'1034985',1533,,1218,4,,,0
2019,'1034986',837,,1219,4,,,0
4019,'1033979',1007,,779,4,,,0
4019,'1033994',1638,,780,4,,,0
4019,'1034099',1521,,785,4,,,0
4019,'1034154',1720,,788,4,,,0
4019,'1034189',1300,,790,4,,,0
4019,'1034298',1143,,792,4,,,0
4019,'1034382',1434,,794,4,,,0
4019,'1034451',1055,,796,4,,,0
4019,'1034453',919,,797,4,,,0
4019,'1034474',1347,,798,4,,,0
7029,'1034873',1247,,1360,3,,,0
7029,'1034875',1326,,1361,3,,,0
7029,'1034880',825,,1362,3,,,0
7029,'1034887',941,,1363,3,,,0
7029,'1034888',1405,,1364,3,,,0
7029,'1034890',709,,1365,3,,,0
7029,'1034892',1608,,1366,3,,,0
7029,'1034905',2026,,1367,3,,,0
7029,'1034906',1833,,1368,3,,,0
7029,'1034910',1129,,1369,3,,,0
7029,'1034936',1647,,1370,3,,,0
7029,'1034937',1527,,1371,3,,,0
7029,'1034939',902,,1372,3,,,0
7029,'1034941',1448,,1373,3,,,0
7029,'1034949',2101,,1374,3,,,0
7029,'1034951',1724,,1375,3,,,0
7029,'1034952',1951,,1376,3,,,0
7029,'1034974',1208,,1378,3,,,0
7029,'1034978',1020,,1379,3,,,0
7029,'1034981',748,,1380,3,,,0
7029,'1034982',1912,,1381,3,,,0
