2019,'1033961',1409,,618,1,,,0
2019,'1033967',1659,,620,1,,,0
2019,'1033968',1822,,621,1,,,0
2019,'1033999',1513,,626,1,,,0
2019,'1034006',1001,,628,1,,,0
2019,'1034011',1534,,629,1,,,0
2019,'1034031',1327,,631,1,,,0
2019,'1034048',2057,,634,1,,,0
2019,'1034049',1225,,635,1,,,0
2019,'1034068',805,,637,1,,,0
2019,'1034071',2327,,638,1,,,0
2019,'1034081',1946,,639,1,,,0
2019,'1034082',644,,640,1,,,0
2019,'1034085',1032,,641,1,,,0
2019,'1034087',929,,642,1,,,0
2019,'1034097',2126,,643,1,,,0
2019,'1034100',1720,,644,1,,,0
2019,'1034113',2348,,645,1,,,0
2019,'1034114',1742,,646,1,,,0
2019,'1034115',1306,,647,1,,,0
2019,'1034125',2157,,648,1,,,0
2019,'1034131',2007,,649,1,,,0
2019,'1034153',2254,,652,1,,,0
2019,'1034155',902,,653,1,,,0
2019,'1034162',738,,655,1,,,0
2019,'1034175',1801,,658,1,,,0
2019,'1034176',1245,,659,1,,,0
2019,'1034186',832,,660,1,,,0
2019,'1034195',1348,,661,1,,,0
2019,'1034206',1430,,665,1,,,0
2019,'1034229',2031,,670,1,,,0
2019,'1034302',1638,,678,1,,,0
2019,'1034322',2227,,680,1,,,0
2019,'1034324',1845,,681,1,,,0
2019,'1034357',1204,,687,1,,,0
2019,'1034361',1138,,688,1,,,0
2019,'1034374',1906,,690,1,,,0
2019,'1034381',1555,,691,1,,,0
2019,'1034389',1617,,693,1,,,0
2019,'1034400',1111,,695,1,,,0
2019,'1034446',1927,,698,1,,,0
2019,'1034461',1451,,699,1,,,0
2019,'1034867',943,,1179,1,,,0
2019,'1034868',2228,,1180,1,,,0
2019,'1034870',809,,1181,1,,,0
2019,'1034871',1729,,1182,1,,,0
2019,'1034874',1505,,1183,1,,,0
2019,'1034878',2328,,1184,1,,,0
2019,'1034879',2207,,1185,1,,,0
2019,'1034881',1237,,1186,1,,,0
2019,'1034886',1437,,1187,1,,,0
2019,'1034889',1007,,1188,1,,,0
2019,'1034891',919,,1189,1,,,0
2019,'1034896',1617,,1190,1,,,0
2019,'1034897',2249,,1191,1,,,0
2019,'1034898',1753,,1192,1,,,0
2019,'1034903',1325,,1193,1,,,0
2019,'1034909',1213,,1194,1,,,0
2019,'1034911',1413,,1195,1,,,0
2019,'1034912',855,,1196,1,,,0
2019,'1034913',1641,,1197,1,,,0
2019,'1034916',1841,,1198,1,,,0
2019,'1034917',1349,,1199,1,,,0
2019,'1034920',1553,,1200,1,,,0
2019,'1034923',1125,,1201,1,,,0
2019,'1034925',1301,,1202,1,,,0
2019,'1034927',638,,1203,1,,,0
2019,'1034935',747,,1204,1,,,0
2019,'1034942',1149,,1205,1,,,0
2019,'1034946',1101,,1206,1,,,0
2019,'1034955',1817,,1207,1,,,0
2019,'1034958',1904,,1208,1,,,0
2019,'1034960',2310,,1209,1,,,0
2019,'1034961',2104,,1210,1,,,0
2019,'1034966',2146,,1211,1,,,0
2019,'1034967',1949,,1212,1,,,0
2019,'1034968',2125,,1213,1,,,0
2019,'1034969',2043,,1214,1,,,0
2019,'1034973',1928,,1215,1,,,0
2019,'1034977',724,,1216,1,,,0
2019,'1034984',1705,,1217,1,,,0
2019,'1034985',1529,,1218,1,,,0
2019,'1034986',833,,1219,1,,,0
2029,'1033960',1443,,617,12,4,,0
2029,'1033963',2221,,619,12,4,,0
2029,'1033970',1319,,622,12,4,,0
2029,'1033983',2251,,623,12,4,,0
2029,'1033989',1940,,624,12,4,,0
2029,'1033990',1734,,625,12,4,,0
2029,'1034004',1609,,627,12,4,,0
2029,'1034028',826,,630,12,4,,0
2029,'1034034',1156,,632,12,4,,0
2029,'1034044',2321,,633,12,4,,0
2029,'1034064',856,,636,12,4,,0
2029,'1034145',1217,,650,12,4,,0
2029,'1034149',2345,,651,12,4,,0
2029,'1034157',1753,,654,12,4,,0
2029,'1034163',1547,,656,12,4,,0
2029,'1034164',1103,,657,12,4,,0
2029,'1034196',1712,,662,12,4,,0
2029,'1034202',2001,,663,12,4,,0
2029,'1034205',1651,,664,12,4,,0
2029,'1034216',1422,,666,12,4,,0
2029,'1034218',759,,667,12,4,,0
2029,'1034226',1919,,668,12,4,,0
2029,'1034227',1237,,669,12,4,,0
2029,'1034230',1505,,671,12,4,,0
2029,'1034273',2151,,672,12,4,,0
2029,'1034278',2120,,673,12,4,,0
2029,'1034285',955,,674,12,4,,0
2029,'1034295',1130,,675,12,4,,0
2029,'1034296',923,,676,12,4,,0
2029,'1034297',1837,,677,12,4,,0
2029,'1034308',2051,,679,12,4,,0
2029,'1034325',1340,,682,12,4,,0
2029,'1034326',732,,683,12,4,,0
2029,'1034327',2025,,684,12,4,,0
2029,'1034343',1026,,685,12,4,,0
2029,'1034355',1630,,686,12,4,,0
2029,'1034369',1526,,689,12,4,,0
2029,'1034386',1258,,692,12,4,,0
2029,'1034395',638,,694,12,4,,0
2029,'1034414',1401,,696,12,4,,0
2029,'1034433',1814,,697,12,4,,0
2029,'1034477',1858,,700,12,4,,0
2029,'1034864',1811,,1220,9,4,,0
2029,'1034865',1255,,1221,9,4,,0
2029,'1034869',2140,,1222,9,4,,0
2029,'1034872',2243,,1223,9,4,,0
2029,'1034876',2201,,1224,9,4,,0
2029,'1034877',1611,,1225,9,4,,0
2029,'1034882',1319,,1226,9,4,,0
2029,'1034883',1143,,1227,9,4,,0
2029,'1034893',1207,,1228,9,4,,0
2029,'1034899',1001,,1229,9,4,,0
2029,'1034901',1747,,1230,9,4,,0
2029,'1034902',631,,1231,9,4,,0
2029,'1034908',1523,,1232,9,4,,0
2029,'1034914',1547,,1233,9,4,,0
2029,'1034919',1407,,1234,9,4,,0
2029,'1034922',827,,1235,9,4,,0
2029,'1034926',2304,,1236,9,4,,0
2029,'1034929',1431,,1237,9,4,,0
2029,'1034933',2119,,1238,9,4,,0
2029,'1034938',1231,,1239,9,4,,0
2029,'1034940',1459,,1240,9,4,,0
2029,'1034944',741,,1241,9,4,,0
2029,'1034945',1943,,1242,9,4,,0
2029,'1034947',803,,1243,9,4,,0
2029,'1034948',2058,,1244,9,4,,0
2029,'1034950',1858,,1245,9,4,,0
2029,'1034954',1922,,1246,9,4,,0
2029,'1034956',1835,,1247,9,4,,0
2029,'1034957',1723,,1248,9,4,,0
2029,'1034959',1343,,1249,9,4,,0
2029,'1034962',2037,,1250,9,4,,0
2029,'1034963',717,,1251,9,4,,0
2029,'1034964',1659,,1252,9,4,,0
2029,'1034965',913,,1253,9,4,,0
2029,'1034970',1055,,1254,9,4,,0
2029,'1034971',2222,,1255,9,4,,0
2029,'1034976',2325,,1256,9,4,,0
2029,'1034979',1635,,1257,9,4,,0
2029,'1034980',1119,,1258,9,4,,0
2029,'1034987',937,,1259,9,4,,0
2029,'1034988',849,,1260,9,4,,0
