30005019,'1033957',1636,,870,6,,,0
30005019,'1033988',2256,,872,6,,,0
30005019,'1033996',2142,,873,6,,,0
30005019,'1033997',2105,,874,6,,,0
30005019,'1034038',1514,,877,6,,,0
30005019,'1034053',922,,878,6,,,0
30005019,'1034054',812,,879,6,,,0
30005019,'1034061',1433,,880,6,,,0
30005019,'1034077',737,,883,6,,,0
30005019,'1034091',1839,,884,6,,,0
30005019,'1034127',1152,,886,6,,,0
30005019,'1034138',2410,,887,6,,,0
30005019,'1034166',1717,,890,6,,,0
30005019,'1034167',2219,,891,6,,,0
30005019,'1034172',1555,,893,6,,,0
30005019,'1034173',1352,,894,6,,,0
30005019,'1034193',1758,,896,6,,,0
30005019,'1034198',629,,897,6,,,0
30005019,'1034200',703,,898,6,,,0
30005019,'1034204',1311,,900,6,,,0
30005019,'1034253',555,,903,3,,,0
30005019,'1034284',2028,,904,6,,,0
30005019,'1034333',1230,,906,6,,,0
30005019,'1034356',1112,,909,6,,,0
30005019,'1034375',2333,,911,6,,,0
30005019,'1034413',847,,917,6,,,0
30005019,'1034445',1001,,918,6,,,0
30005019,'1034464',1920,,920,6,,,0
30005019,'1035435',812,,1454,6,,,0
30005019,'1035446',922,,1455,6,,,0
30005019,'1035485',629,,1456,6,,,0
30005019,'1035500',737,,1457,6,,,0
30005019,'1035523',2333,,1458,6,,,0
30005019,'1035526',2028,,1459,6,,,0
30005019,'1035533',1230,,1460,6,,,0
30005019,'1035552',1112,,1461,6,,,0
30005019,'1035558',2219,,1462,6,,,0
30005019,'1035560',1839,,1463,6,,,0
30005019,'1035564',1555,,1464,6,,,0
30005019,'1035566',1433,,1465,6,,,0
30005019,'1035571',2105,,1466,6,,,0
30005019,'1035584',2410,,1467,6,,,0
30005019,'1035622',847,,1468,6,,,0
30005019,'1035628',1758,,1469,6,,,0
30005019,'1035630',1717,,1470,6,,,0
30005019,'1035665',703,,1471,6,,,0
30005019,'1035676',1152,,1472,6,,,0
30005019,'1035679',1311,,1473,6,,,0
30005019,'1035685',1352,,1474,6,,,0
30005019,'1035701',1636,,1475,6,,,0
30005019,'1035713',555,,1476,3,,,0
30005019,'1035721',2142,,1477,6,,,0
30005019,'1035727',1920,,1478,6,,,0
30005019,'1035736',2256,,1479,6,,,0
30005019,'1035737',1001,,1480,6,,,0
30005019,'1035739',1514,,1481,6,,,0
