200005019,'1033977',1458,,925,13,4,,0
200005019,'1033982',837,,926,13,4,,0
200005019,'1033995',2127,,928,13,4,,0
200005019,'1034075',951,,933,13,4,,0
200005019,'1034079',1338,,934,13,4,,0
200005019,'1034092',613,,936,13,4,,0
200005019,'1034098',1538,,938,13,4,,0
200005019,'1034119',1658,,939,13,4,,0
200005019,'1034137',1218,,941,13,4,,0
200005019,'1034150',1858,,942,13,4,,0
200005019,'1034165',2048,,944,13,4,,0
200005019,'1034203',1938,,947,13,4,,0
200005019,'1034213',801,,949,13,4,,0
200005019,'1034236',1030,,952,13,4,,0
200005019,'1034256',725,,953,13,4,,0
200005019,'1034264',1418,,954,13,4,,0
200005019,'1034274',1139,,955,13,4,,0
200005019,'1034279',1258,,956,13,4,,0
200005019,'1034318',2320,,962,13,4,,0
200005019,'1034341',649,,964,13,4,,0
200005019,'1034344',2357,,965,13,4,,0
200005019,'1034360',1618,,967,13,4,,0
200005019,'1034392',1738,,969,13,4,,0
200005019,'1034401',1818,,970,13,4,,0
200005019,'1034412',2243,,973,13,4,,0
200005019,'1034421',913,,974,13,4,,0
200005019,'1034456',2206,,977,13,4,,0
200005019,'1035452',613,,1509,13,4,,0
200005019,'1035456',2320,,1510,13,4,,0
200005019,'1035465',1258,,1511,13,4,,0
200005019,'1035476',2243,,1512,13,4,,0
200005019,'1035492',1338,,1513,13,4,,0
200005019,'1035498',2048,,1514,13,4,,0
200005019,'1035530',725,,1515,13,4,,0
200005019,'1035539',2357,,1516,13,4,,0
200005019,'1035576',951,,1517,13,4,,0
200005019,'1035587',1858,,1518,13,4,,0
200005019,'1035604',1618,,1519,13,4,,0
200005019,'1035607',1818,,1520,13,4,,0
200005019,'1035610',801,,1521,13,4,,0
200005019,'1035620',1738,,1522,13,4,,0
200005019,'1035624',837,,1523,13,4,,0
200005019,'1035627',2206,,1524,13,4,,0
200005019,'1035633',1538,,1525,13,4,,0
200005019,'1035662',913,,1526,13,4,,0
200005019,'1035667',1139,,1527,13,4,,0
200005019,'1035669',1418,,1528,13,4,,0
200005019,'1035677',1658,,1529,13,4,,0
200005019,'1035686',649,,1530,13,4,,0
200005019,'1035697',1218,,1531,13,4,,0
200005019,'1035709',2127,,1532,13,4,,0
200005019,'1035735',1030,,1533,13,4,,0
200005019,'1035743',1458,,1534,13,4,,0
200005019,'1035744',1938,,1535,13,4,,0
200005029,'1033993',1423,,927,1,,,0
200005029,'1034008',2323,,929,1,,,0
200005029,'1034016',2246,,930,1,,,0
200005029,'1034041',1144,,931,1,,,0
200005029,'1034055',1223,,932,1,,,0
200005029,'1034086',2013,,935,1,,,0
200005029,'1034093',654,,937,1,,,0
200005029,'1034122',1543,,940,1,,,0
200005029,'1034151',618,,943,1,,,0
200005029,'1034170',1903,,945,1,,,0
200005029,'1034187',2053,,946,1,,,0
200005029,'1034207',1343,,948,1,,,0
200005029,'1034217',806,,950,1,,,0
200005029,'1034224',1703,,951,1,,,0
200005029,'1034289',2400,,957,1,,,0
200005029,'1034293',1303,,958,1,,,0
200005029,'1034306',1743,,959,1,,,0
200005029,'1034314',1503,,960,1,,,0
200005029,'1034317',956,,961,1,,,0
200005029,'1034331',730,,963,1,,,0
200005029,'1034353',1623,,966,1,,,0
200005029,'1034366',918,,968,1,,,0
200005029,'1034405',1105,,971,1,,,0
200005029,'1034409',2132,,972,1,,,0
200005029,'1034442',1823,,975,1,,,0
200005029,'1034450',842,,976,1,,,0
200005029,'1034457',2209,,978,1,,,0
200005029,'1035430',2013,,1536,1,,,0
200005029,'1035444',1823,,1537,1,,,0
200005029,'1035457',918,,1538,1,,,0
200005029,'1035459',2246,,1539,1,,,0
200005029,'1035462',1703,,1540,1,,,0
200005029,'1035464',2132,,1541,1,,,0
200005029,'1035477',842,,1542,1,,,0
200005029,'1035488',730,,1543,1,,,0
200005029,'1035501',2053,,1544,1,,,0
200005029,'1035517',1343,,1545,1,,,0
200005029,'1035559',1623,,1546,1,,,0
200005029,'1035568',1503,,1547,1,,,0
200005029,'1035579',1303,,1548,1,,,0
200005029,'1035581',1105,,1549,1,,,0
200005029,'1035594',2400,,1551,1,,,0
200005029,'1035595',1743,,1552,1,,,0
200005029,'1035602',618,,1553,1,,,0
200005029,'1035605',1223,,1554,1,,,0
200005029,'1035635',1423,,1555,1,,,0
200005029,'1035639',2209,,1556,1,,,0
200005029,'1035645',1543,,1557,1,,,0
200005029,'1035647',806,,1558,1,,,0
200005029,'1035649',654,,1559,1,,,0
200005029,'1035683',1144,,1560,1,,,0
200005029,'1035725',1903,,1561,1,,,0
200005029,'1035734',2323,,1562,1,,,0
200005029,'1035746',956,,1563,1,,,0
