12029,'1033998',1230,,851,12,,,0
12029,'1034029',1614,,852,12,,,0
12029,'1034109',848,,854,12,,,0
12029,'1034290',1334,,860,12,,,0
12029,'1034406',952,,862,12,,,0
12029,'1034408',1056,,863,12,,,0
12029,'1034425',1719,,865,12,,,0
12029,'1034428',1439,,866,12,,,0
12029,'1034441',744,,868,1,,,0
12029,'1034696',1740,,1382,1,0,5 20,0
12029,'1034697',1020,,1383,1,0,5 20,0
12029,'1034698',1558,,1384,1,0,5 20,0
12029,'1034699',1133,,1385,1,0,5 20,0
12029,'1034700',853,,1386,1,0,5 20,0
12029,'1034701',1849,,1387,7,4,,0
12029,'1034702',1529,,1388,1,0,5 20,0
12029,'1034703',1824,,1389,1,0,5 20,0
12029,'1034704',1500,,1390,1,0,5 20,0
12029,'1034705',1016,,1391,7,4,,0
12029,'1034706',1202,,1392,1,0,5 20,0
12029,'1034707',1638,,1393,7,4,,0
12029,'1034708',1227,,1394,7,4,,0
12029,'1034709',1736,,1395,7,4,,0
12029,'1034710',805,,1396,7,4,,0
12029,'1034711',1129,,1397,7,4,,0
12029,'1034712',1525,,1398,7,4,,0
12029,'1034713',1918,,1399,7,4,,0
12029,'1034714',1853,,1400,1,0,5 20,0
12029,'1034715',922,,1401,1,0,5 20,0
12029,'1034716',809,,1402,1,0,5 20,0
12029,'1034717',1707,,1403,7,4,,0
12029,'1034718',1158,,1404,7,4,,0
12029,'1034719',1045,,1405,7,4,,0
12029,'1034720',1711,,1406,1,0,5 20,0
12029,'1034721',1455,,1407,7,4,,0
12029,'1034722',1430,,1408,1,0,5 20,0
12029,'1034723',1805,,1409,7,4,,0
12029,'1034724',1642,,1410,1,0,5 20,0
12029,'1034725',1104,,1411,1,0,5 20,0
12029,'1034726',918,,1412,7,4,,0
12029,'1034727',1554,,1413,7,4,,0
12029,'1034728',740,,1414,1,0,5 20,0
12029,'1034729',951,,1415,1,0,5 20,0
12029,'1034730',947,,1416,7,4,,0
12029,'1034731',849,,1417,7,4,,0
12029,'1035429',1638,,1418,7,4,,0
12029,'1035431',1853,,1419,1,0,5 20,0
12029,'1035434',1045,,1420,7,4,,0
12029,'1035438',1711,,1421,1,0,5 20,0
12029,'1035460',1202,,1422,1,0,5 20,0
12029,'1035472',1740,,1423,1,0,5 20,0
12029,'1035474',1525,,1424,7,4,,0
12029,'1035489',1500,,1425,1,0,5 20,0
12029,'1035490',1849,,1426,7,4,,0
12029,'1035495',1642,,1427,1,0,5 20,0
12029,'1035507',918,,1428,7,4,,0
12029,'1035515',853,,1429,1,0,5 20,0
12029,'1035531',922,,1430,1,0,5 20,0
12029,'1035534',1736,,1431,7,4,,0
12029,'1035537',1227,,1432,7,4,,0
12029,'1035540',1430,,1433,1,0,5 20,0
12029,'1035567',805,,1434,7,4,,0
12029,'1035569',1554,,1435,7,4,,0
12029,'1035570',1016,,1436,7,4,,0
12029,'1035613',1133,,1437,1,0,5 20,0
12029,'1035615',951,,1438,1,0,5 20,0
12029,'1035618',1824,,1439,1,0,5 20,0
12029,'1035619',1558,,1440,1,0,5 20,0
12029,'1035623',849,,1441,7,4,,0
12029,'1035651',1455,,1442,7,4,,0
12029,'1035658',1020,,1443,1,0,5 20,0
12029,'1035659',1104,,1444,1,0,5 20,0
12029,'1035681',947,,1445,7,4,,0
12029,'1035688',1529,,1446,1,0,5 20,0
12029,'1035692',1805,,1447,7,4,,0
12029,'1035695',740,,1448,1,0,5 20,0
12029,'1035703',1158,,1449,7,4,,0
12029,'1035711',809,,1450,1,0,5 20,0
12029,'1035714',1707,,1451,7,4,,0
12029,'1035719',1918,,1452,7,4,,0
12029,'1035729',1129,,1453,7,4,,0
