1,1019,'1033958',511
1,1019,'1033964',512
1,1019,'1033965',513
1,1019,'1033969',514
1,1019,'1033974',515
1,1019,'1033987',518
1,1019,'1034024',524
1,1019,'1034043',528
1,1019,'1034052',530
1,1019,'1034065',532
1,1019,'1034066',533
1,1019,'1034088',535
1,1019,'1034095',536
1,1019,'1034096',537
1,1019,'1034101',538
1,1019,'1034105',539
1,1019,'1034108',540
1,1019,'1034112',542
1,1019,'1034124',544
1,1019,'1034134',546
1,1019,'1034139',547
1,1019,'1034143',548
1,1019,'1034171',550
1,1019,'1034179',551
1,1019,'1034182',553
1,1019,'1034191',555
1,1019,'1034233',559
1,1019,'1034234',560
1,1019,'1034249',565
1,1019,'1034250',566
1,1019,'1034268',571
1,1019,'1034282',573
1,1019,'1034288',574
1,1019,'1034291',575
1,1019,'1034303',578
1,1019,'1034304',579
1,1019,'1034311',581
1,1019,'1034315',583
1,1019,'1034328',585
1,1019,'1034336',586
1,1019,'1034340',587
1,1019,'1034342',588
1,1019,'1034362',591
1,1019,'1034363',592
1,1019,'1034364',593
1,1019,'1034379',597
1,1019,'1034385',598
1,1019,'1034391',600
1,1019,'1034394',601
1,1019,'1034410',604
1,1019,'1034415',605
1,1019,'1034462',611
1,1019,'1034469',613
1,1019,'1035428',1105
1,1019,'1035437',1106
1,1019,'1035441',1107
1,1019,'1035442',1108
1,1019,'1035443',1109
1,1019,'1035447',1110
1,1019,'1035449',1111
1,1019,'1035479',1112
1,1019,'1035491',1113
1,1019,'1035520',1114
1,1019,'1035524',1115
1,1019,'1035527',1116
1,1019,'1035541',1117
1,1019,'1035542',1118
1,1019,'1035543',1119
1,1019,'1035546',1120
1,1019,'1035548',1121
1,1019,'1035554',1122
1,1019,'1035555',1123
1,1019,'1035578',1124
1,1019,'1035583',1125
1,1019,'1035590',1126
1,1019,'1035593',1127
1,1019,'1035601',1128
1,1019,'1035643',1129
1,1019,'1035655',1130
1,1019,'1035661',1131
1,1019,'1035664',1132
1,1019,'1035674',1133
1,1019,'1035684',1134
1,1019,'1035702',1135
1,1019,'1035710',1136
1,1019,'1035717',1137
1,1019,'1035718',1138
1,1019,'1035723',1139
1,1019,'1035731',1140
1,1019,'1035733',1141
1,1029,'1033981',516
1,1029,'1033986',517
1,1029,'1034005',519
1,1029,'1034007',520
1,1029,'1034015',521
1,1029,'1034017',522
1,1029,'1034018',523
1,1029,'1034027',525
1,1029,'1034039',526
1,1029,'1034040',527
1,1029,'1034045',529
1,1029,'1034060',531
1,1029,'1034069',534
1,1029,'1034111',541
1,1029,'1034117',543
1,1029,'1034132',545
1,1029,'1034144',549
1,1029,'1034180',552
1,1029,'1034183',554
1,1029,'1034209',556
1,1029,'1034212',557
1,1029,'1034214',558
1,1029,'1034239',561
1,1029,'1034241',562
1,1029,'1034243',563
1,1029,'1034248',564
1,1029,'1034251',567
1,1029,'1034261',568
1,1029,'1034262',569
1,1029,'1034265',570
1,1029,'1034280',572
1,1029,'1034292',576
1,1029,'1034300',577
1,1029,'1034307',580
1,1029,'1034313',582
1,1029,'1034319',584
1,1029,'1034346',589
1,1029,'1034358',590
1,1029,'1034368',594
1,1029,'1034371',595
1,1029,'1034378',596
1,1029,'1034387',599
1,1029,'1034396',602
1,1029,'1034402',603
1,1029,'1034416',606
1,1029,'1034417',607
1,1029,'1034430',608
1,1029,'1034434',609
1,1029,'1034444',610
1,1029,'1034465',612
1,1029,'1034476',614
1,1029,'1034478',615
1,1029,'1034479',616
1,1029,'1035427',1142
1,1029,'1035432',1143
1,1029,'1035440',1144
1,1029,'1035448',1145
1,1029,'1035453',1146
1,1029,'1035458',1147
1,1029,'1035470',1148
1,1029,'1035473',1149
1,1029,'1035478',1150
1,1029,'1035482',1151
1,1029,'1035483',1152
1,1029,'1035497',1153
1,1029,'1035502',1154
1,1029,'1035505',1155
1,1029,'1035509',1156
1,1029,'1035512',1157
1,1029,'1035518',1158
1,1029,'1035521',1159
1,1029,'1035550',1160
1,1029,'1035561',1161
1,1029,'1035573',1162
1,1029,'1035582',1163
1,1029,'1035586',1164
1,1029,'1035588',1165
1,1029,'1035621',1166
1,1029,'1035648',1167
1,1029,'1035654',1168
1,1029,'1035682',1169
1,1029,'1035696',1170
1,1029,'1035698',1171
1,1029,'1035699',1172
1,1029,'1035706',1173
1,1029,'1035707',1174
1,1029,'1035708',1175
1,1029,'1035712',1176
1,1029,'1035715',1177
1,1029,'1035745',1178
2,2019,'1033961',618
2,2019,'1033967',620
2,2019,'1033968',621
2,2019,'1033999',626
2,2019,'1034006',628
2,2019,'1034011',629
2,2019,'1034031',631
2,2019,'1034048',634
2,2019,'1034049',635
2,2019,'1034068',637
2,2019,'1034071',638
2,2019,'1034081',639
2,2019,'1034082',640
2,2019,'1034085',641
2,2019,'1034087',642
2,2019,'1034097',643
2,2019,'1034100',644
2,2019,'1034113',645
2,2019,'1034114',646
2,2019,'1034115',647
2,2019,'1034125',648
2,2019,'1034131',649
2,2019,'1034153',652
2,2019,'1034155',653
2,2019,'1034162',655
2,2019,'1034175',658
2,2019,'1034176',659
2,2019,'1034186',660
2,2019,'1034195',661
2,2019,'1034206',665
2,2019,'1034229',670
2,2019,'1034302',678
2,2019,'1034322',680
2,2019,'1034324',681
2,2019,'1034357',687
2,2019,'1034361',688
2,2019,'1034374',690
2,2019,'1034381',691
2,2019,'1034389',693
2,2019,'1034400',695
2,2019,'1034446',698
2,2019,'1034461',699
2,2019,'1034867',1179
2,2019,'1034868',1180
2,2019,'1034870',1181
2,2019,'1034871',1182
2,2019,'1034874',1183
2,2019,'1034878',1184
2,2019,'1034879',1185
2,2019,'1034881',1186
2,2019,'1034886',1187
2,2019,'1034889',1188
2,2019,'1034891',1189
2,2019,'1034896',1190
2,2019,'1034897',1191
2,2019,'1034898',1192
2,2019,'1034903',1193
2,2019,'1034909',1194
2,2019,'1034911',1195
2,2019,'1034912',1196
2,2019,'1034913',1197
2,2019,'1034916',1198
2,2019,'1034917',1199
2,2019,'1034920',1200
2,2019,'1034923',1201
2,2019,'1034925',1202
2,2019,'1034927',1203
2,2019,'1034935',1204
2,2019,'1034942',1205
2,2019,'1034946',1206
2,2019,'1034955',1207
2,2019,'1034958',1208
2,2019,'1034960',1209
2,2019,'1034961',1210
2,2019,'1034966',1211
2,2019,'1034967',1212
2,2019,'1034968',1213
2,2019,'1034969',1214
2,2019,'1034973',1215
2,2019,'1034977',1216
2,2019,'1034984',1217
2,2019,'1034985',1218
2,2019,'1034986',1219
2,2029,'1033960',617
2,2029,'1033963',619
2,2029,'1033970',622
2,2029,'1033983',623
2,2029,'1033989',624
2,2029,'1033990',625
2,2029,'1034004',627
2,2029,'1034028',630
2,2029,'1034034',632
2,2029,'1034044',633
2,2029,'1034064',636
2,2029,'1034145',650
2,2029,'1034149',651
2,2029,'1034157',654
2,2029,'1034163',656
2,2029,'1034164',657
2,2029,'1034196',662
2,2029,'1034202',663
2,2029,'1034205',664
2,2029,'1034216',666
2,2029,'1034218',667
2,2029,'1034226',668
2,2029,'1034227',669
2,2029,'1034230',671
2,2029,'1034273',672
2,2029,'1034278',673
2,2029,'1034285',674
2,2029,'1034295',675
2,2029,'1034296',676
2,2029,'1034297',677
2,2029,'1034308',679
2,2029,'1034325',682
2,2029,'1034326',683
2,2029,'1034327',684
2,2029,'1034343',685
2,2029,'1034355',686
2,2029,'1034369',689
2,2029,'1034386',692
2,2029,'1034395',694
2,2029,'1034414',696
2,2029,'1034433',697
2,2029,'1034477',700
2,2029,'1034864',1220
2,2029,'1034865',1221
2,2029,'1034869',1222
2,2029,'1034872',1223
2,2029,'1034876',1224
2,2029,'1034877',1225
2,2029,'1034882',1226
2,2029,'1034883',1227
2,2029,'1034893',1228
2,2029,'1034899',1229
2,2029,'1034901',1230
2,2029,'1034902',1231
2,2029,'1034908',1232
2,2029,'1034914',1233
2,2029,'1034919',1234
2,2029,'1034922',1235
2,2029,'1034926',1236
2,2029,'1034929',1237
2,2029,'1034933',1238
2,2029,'1034938',1239
2,2029,'1034940',1240
2,2029,'1034944',1241
2,2029,'1034945',1242
2,2029,'1034947',1243
2,2029,'1034948',1244
2,2029,'1034950',1245
2,2029,'1034954',1246
2,2029,'1034956',1247
2,2029,'1034957',1248
2,2029,'1034959',1249
2,2029,'1034962',1250
2,2029,'1034963',1251
2,2029,'1034964',1252
2,2029,'1034965',1253
2,2029,'1034970',1254
2,2029,'1034971',1255
2,2029,'1034976',1256
2,2029,'1034979',1257
2,2029,'1034980',1258
2,2029,'1034987',1259
2,2029,'1034988',1260
3,3019,'1034546',1014
3,3019,'1034547',1015
3,3019,'1034548',1016
3,3019,'1034549',1017
3,3019,'1034551',1018
3,3019,'1034552',1019
3,3019,'1034553',1020
3,3019,'1034554',1021
3,3019,'1034555',1022
3,3019,'1034556',1023
3,3019,'1034557',1024
3,3019,'1034558',1025
3,3019,'1034559',1026
3,3019,'1034561',1027
3,3019,'1034562',1028
3,3019,'1034564',1029
3,3019,'1034565',1030
3,3019,'1034569',1031
3,3019,'1034570',1032
3,3019,'1034571',1033
3,3019,'1034572',1034
3,3019,'1034573',1035
3,3019,'1034574',1036
3,3019,'1034575',1037
3,3019,'1034576',1038
3,3019,'1034577',1039
3,3019,'1034578',1040
3,3019,'1034579',1041
3,3019,'1034580',1042
3,3019,'1034581',1043
3,3019,'1034583',1044
3,3019,'1034584',1045
3,3019,'1034585',1046
3,3019,'1034586',1047
3,3019,'1034587',1048
3,3019,'1034589',1049
3,3019,'1034590',1050
3,3019,'1034591',1051
3,3019,'1034593',1052
3,3019,'1035421',1261
3,3019,'1035422',1262
3,3019,'1035445',1263
3,3019,'1035471',1264
3,3019,'1035486',1265
3,3019,'1035504',1266
3,3019,'1035508',1267
3,3019,'1035514',1268
3,3019,'1035519',1269
3,3019,'1035528',1270
3,3019,'1035529',1271
3,3019,'1035547',1272
3,3019,'1035551',1273
3,3019,'1035553',1274
3,3019,'1035556',1275
3,3019,'1035557',1276
3,3019,'1035563',1277
3,3019,'1035580',1278
3,3019,'1035596',1279
3,3019,'1035600',1280
3,3019,'1035603',1281
3,3019,'1035614',1282
3,3019,'1035617',1283
3,3019,'1035625',1284
3,3019,'1035626',1285
3,3019,'1035641',1286
3,3019,'1035642',1287
3,3019,'1035646',1288
3,3019,'1035650',1289
3,3019,'1035657',1290
3,3019,'1035671',1291
3,3019,'1035673',1292
3,3019,'1035680',1293
3,3019,'1035687',1294
3,3019,'1035694',1295
3,3019,'1035700',1296
3,3019,'1035724',1297
3,3019,'1035738',1298
3,3019,'1035740',1299
3,3029,'1033972',702
3,3029,'1034000',704
3,3029,'1034001',705
3,3029,'1034002',706
3,3029,'1034013',709
3,3029,'1034021',712
3,3029,'1034023',713
3,3029,'1034026',714
3,3029,'1034057',717
3,3029,'1034072',719
3,3029,'1034083',721
3,3029,'1034130',725
3,3029,'1034141',726
3,3029,'1034174',729
3,3029,'1034199',732
3,3029,'1034208',733
3,3029,'1034223',736
3,3029,'1034231',737
3,3029,'1034240',740
3,3029,'1034266',744
3,3029,'1034271',745
3,3029,'1034272',746
3,3029,'1034294',747
3,3029,'1034323',748
3,3029,'1034329',749
3,3029,'1034332',750
3,3029,'1034334',751
3,3029,'1034337',752
3,3029,'1034338',753
3,3029,'1034365',757
3,3029,'1034398',761
3,3029,'1034418',762
3,3029,'1034419',763
3,3029,'1034420',764
3,3029,'1034426',767
3,3029,'1034431',770
3,3029,'1034448',773
3,3029,'1034455',774
3,3029,'1034463',775
3,3029,'1035424',1300
3,3029,'1035433',1301
3,3029,'1035454',1302
3,3029,'1035455',1303
3,3029,'1035461',1304
3,3029,'1035466',1305
3,3029,'1035467',1306
3,3029,'1035469',1307
3,3029,'1035480',1308
3,3029,'1035487',1309
3,3029,'1035499',1310
3,3029,'1035510',1311
3,3029,'1035516',1312
3,3029,'1035522',1313
3,3029,'1035525',1314
3,3029,'1035535',1315
3,3029,'1035536',1316
3,3029,'1035562',1317
3,3029,'1035574',1318
3,3029,'1035577',1319
3,3029,'1035592',1320
3,3029,'1035597',1321
3,3029,'1035608',1322
3,3029,'1035631',1323
3,3029,'1035632',1324
3,3029,'1035634',1325
3,3029,'1035636',1326
3,3029,'1035637',1327
3,3029,'1035640',1328
3,3029,'1035652',1329
3,3029,'1035663',1330
3,3029,'1035668',1331
3,3029,'1035672',1332
3,3029,'1035689',1333
3,3029,'1035690',1334
3,3029,'1035691',1335
3,3029,'1035716',1336
3,3029,'1035720',1337
3,3029,'1035732',1338
4,4019,'1033979',779
4,4019,'1033994',780
4,4019,'1034099',785
4,4019,'1034154',788
4,4019,'1034189',790
4,4019,'1034298',792
4,4019,'1034382',794
4,4019,'1034451',796
4,4019,'1034453',797
4,4019,'1034474',798
4,4029,'1034010',781
4,4029,'1034046',782
4,4029,'1034047',783
4,4029,'1034084',784
4,4029,'1034136',786
4,4029,'1034147',787
4,4029,'1034177',789
4,4029,'1034197',791
4,4029,'1034373',793
4,4029,'1034436',795
6,6019,'1034657',1069
6,6019,'1034658',1070
6,6019,'1034659',1071
6,6019,'1034664',1076
6,6019,'1034665',1077
6,6019,'1034666',1078
6,6019,'1034667',1079
6,6019,'1034668',1080
6,6019,'1034670',1082
6,6019,'1034671',1083
6,6019,'1034673',1085
6,6019,'1034676',1088
6,6019,'1034679',1091
6,6019,'1034680',1092
6,6019,'1034682',1094
6,6019,'1034684',1096
6,6019,'1034688',1100
6,6019,'1034690',1102
6,6019,'1034691',1103
6,6029,'1034655',1067
6,6029,'1034656',1068
6,6029,'1034660',1072
6,6029,'1034661',1073
6,6029,'1034662',1074
6,6029,'1034663',1075
6,6029,'1034669',1081
6,6029,'1034672',1084
6,6029,'1034674',1086
6,6029,'1034675',1087
6,6029,'1034677',1089
6,6029,'1034678',1090
6,6029,'1034681',1093
6,6029,'1034683',1095
6,6029,'1034685',1097
6,6029,'1034686',1098
6,6029,'1034687',1099
6,6029,'1034689',1101
6,6029,'1034692',1104
7,7019,'1034866',1339
7,7019,'1034884',1340
7,7019,'1034885',1341
7,7019,'1034894',1342
7,7019,'1034895',1343
7,7019,'1034900',1344
7,7019,'1034904',1345
7,7019,'1034907',1346
7,7019,'1034915',1347
7,7019,'1034918',1348
7,7019,'1034921',1349
7,7019,'1034924',1350
7,7019,'1034928',1351
7,7019,'1034930',1352
7,7019,'1034931',1353
7,7019,'1034932',1354
7,7019,'1034934',1355
7,7019,'1034943',1356
7,7019,'1034972',1357
7,7019,'1034975',1358
7,7019,'1034983',1359
7,7029,'1034873',1360
7,7029,'1034875',1361
7,7029,'1034880',1362
7,7029,'1034887',1363
7,7029,'1034888',1364
7,7029,'1034890',1365
7,7029,'1034892',1366
7,7029,'1034905',1367
7,7029,'1034906',1368
7,7029,'1034910',1369
7,7029,'1034936',1370
7,7029,'1034937',1371
7,7029,'1034939',1372
7,7029,'1034941',1373
7,7029,'1034949',1374
7,7029,'1034951',1375
7,7029,'1034952',1376
7,7029,'1034953',1377
7,7029,'1034974',1378
7,7029,'1034978',1379
7,7029,'1034981',1380
7,7029,'1034982',1381
9,9019,'1034601',1055
9,9019,'1034602',1056
9,9019,'1034604',1058
9,9019,'1034606',1060
9,9019,'1034607',1061
9,9019,'1034608',1062
9,9019,'1034609',1063
9,9029,'1034599',1053
9,9029,'1034600',1054
9,9029,'1034603',1057
9,9029,'1034605',1059
9,9029,'1034610',1064
9,9029,'1034611',1065
9,9029,'1034612',1066
12,12019,'1034073',853
12,12019,'1034126',855
12,12019,'1034222',857
12,12019,'1034244',858
12,12019,'1034247',859
12,12019,'1034305',861
12,12019,'1034411',864
12,12019,'1034432',867
12,12019,'1034454',869
12,12029,'1033998',851
12,12029,'1034029',852
12,12029,'1034109',854
12,12029,'1034152',856
12,12029,'1034290',860
12,12029,'1034406',862
12,12029,'1034408',863
12,12029,'1034425',865
12,12029,'1034428',866
12,12029,'1034441',868
12,12029,'1034696',1382
12,12029,'1034697',1383
12,12029,'1034698',1384
12,12029,'1034699',1385
12,12029,'1034700',1386
12,12029,'1034701',1387
12,12029,'1034702',1388
12,12029,'1034703',1389
12,12029,'1034704',1390
12,12029,'1034705',1391
12,12029,'1034706',1392
12,12029,'1034707',1393
12,12029,'1034708',1394
12,12029,'1034709',1395
12,12029,'1034710',1396
12,12029,'1034711',1397
12,12029,'1034712',1398
12,12029,'1034713',1399
12,12029,'1034714',1400
12,12029,'1034715',1401
12,12029,'1034716',1402
12,12029,'1034717',1403
12,12029,'1034718',1404
12,12029,'1034719',1405
12,12029,'1034720',1406
12,12029,'1034721',1407
12,12029,'1034722',1408
12,12029,'1034723',1409
12,12029,'1034724',1410
12,12029,'1034725',1411
12,12029,'1034726',1412
12,12029,'1034727',1413
12,12029,'1034728',1414
12,12029,'1034729',1415
12,12029,'1034730',1416
12,12029,'1034731',1417
12,12029,'1035429',1418
12,12029,'1035431',1419
12,12029,'1035434',1420
12,12029,'1035438',1421
12,12029,'1035460',1422
12,12029,'1035472',1423
12,12029,'1035474',1424
12,12029,'1035489',1425
12,12029,'1035490',1426
12,12029,'1035495',1427
12,12029,'1035507',1428
12,12029,'1035515',1429
12,12029,'1035531',1430
12,12029,'1035534',1431
12,12029,'1035537',1432
12,12029,'1035540',1433
12,12029,'1035567',1434
12,12029,'1035569',1435
12,12029,'1035570',1436
12,12029,'1035613',1437
12,12029,'1035615',1438
12,12029,'1035618',1439
12,12029,'1035619',1440
12,12029,'1035623',1441
12,12029,'1035651',1442
12,12029,'1035658',1443
12,12029,'1035659',1444
12,12029,'1035681',1445
12,12029,'1035688',1446
12,12029,'1035692',1447
12,12029,'1035695',1448
12,12029,'1035703',1449
12,12029,'1035711',1450
12,12029,'1035714',1451
12,12029,'1035719',1452
12,12029,'1035729',1453
30005,30005019,'1033957',870
30005,30005019,'1033988',872
30005,30005019,'1033996',873
30005,30005019,'1033997',874
30005,30005019,'1034038',877
30005,30005019,'1034053',878
30005,30005019,'1034054',879
30005,30005019,'1034061',880
30005,30005019,'1034077',883
30005,30005019,'1034091',884
30005,30005019,'1034127',886
30005,30005019,'1034138',887
30005,30005019,'1034166',890
30005,30005019,'1034167',891
30005,30005019,'1034172',893
30005,30005019,'1034173',894
30005,30005019,'1034193',896
30005,30005019,'1034198',897
30005,30005019,'1034200',898
30005,30005019,'1034204',900
30005,30005019,'1034253',903
30005,30005019,'1034284',904
30005,30005019,'1034333',906
30005,30005019,'1034356',909
30005,30005019,'1034375',911
30005,30005019,'1034413',917
30005,30005019,'1034445',918
30005,30005019,'1034464',920
30005,30005019,'1035435',1454
30005,30005019,'1035446',1455
30005,30005019,'1035485',1456
30005,30005019,'1035500',1457
30005,30005019,'1035523',1458
30005,30005019,'1035526',1459
30005,30005019,'1035533',1460
30005,30005019,'1035552',1461
30005,30005019,'1035558',1462
30005,30005019,'1035560',1463
30005,30005019,'1035564',1464
30005,30005019,'1035566',1465
30005,30005019,'1035571',1466
30005,30005019,'1035584',1467
30005,30005019,'1035622',1468
30005,30005019,'1035628',1469
30005,30005019,'1035630',1470
30005,30005019,'1035665',1471
30005,30005019,'1035676',1472
30005,30005019,'1035679',1473
30005,30005019,'1035685',1474
30005,30005019,'1035701',1475
30005,30005019,'1035713',1476
30005,30005019,'1035721',1477
30005,30005019,'1035727',1478
30005,30005019,'1035736',1479
30005,30005019,'1035737',1480
30005,30005019,'1035739',1481
30005,30005029,'1033976',871
30005,30005029,'1034033',875
30005,30005029,'1034035',876
30005,30005029,'1034067',881
30005,30005029,'1034076',882
30005,30005029,'1034110',885
30005,30005029,'1034148',888
30005,30005029,'1034156',889
30005,30005029,'1034169',892
30005,30005029,'1034184',895
30005,30005029,'1034201',899
30005,30005029,'1034225',901
30005,30005029,'1034245',902
30005,30005029,'1034287',905
30005,30005029,'1034350',907
30005,30005029,'1034352',908
30005,30005029,'1034367',910
30005,30005029,'1034377',912
30005,30005029,'1034390',913
30005,30005029,'1034399',914
30005,30005029,'1034403',915
30005,30005029,'1034404',916
30005,30005029,'1034447',919
30005,30005029,'1034470',921
30005,30005029,'1034471',922
30005,30005029,'1034472',923
30005,30005029,'1034480',924
30005,30005029,'1035425',1482
30005,30005029,'1035426',1483
30005,30005029,'1035468',1484
30005,30005029,'1035475',1485
30005,30005029,'1035481',1486
30005,30005029,'1035484',1487
30005,30005029,'1035493',1488
30005,30005029,'1035503',1489
30005,30005029,'1035511',1490
30005,30005029,'1035513',1491
30005,30005029,'1035544',1492
30005,30005029,'1035565',1493
30005,30005029,'1035572',1494
30005,30005029,'1035575',1495
30005,30005029,'1035598',1496
30005,30005029,'1035599',1497
30005,30005029,'1035606',1498
30005,30005029,'1035609',1499
30005,30005029,'1035616',1500
30005,30005029,'1035638',1501
30005,30005029,'1035644',1502
30005,30005029,'1035660',1503
30005,30005029,'1035704',1504
30005,30005029,'1035726',1505
30005,30005029,'1035730',1506
30005,30005029,'1035741',1507
30005,30005029,'1035742',1508
200005,200005019,'1033977',925
200005,200005019,'1033982',926
200005,200005019,'1033995',928
200005,200005019,'1034075',933
200005,200005019,'1034079',934
200005,200005019,'1034092',936
200005,200005019,'1034098',938
200005,200005019,'1034119',939
200005,200005019,'1034137',941
200005,200005019,'1034150',942
200005,200005019,'1034165',944
200005,200005019,'1034203',947
200005,200005019,'1034213',949
200005,200005019,'1034236',952
200005,200005019,'1034256',953
200005,200005019,'1034264',954
200005,200005019,'1034274',955
200005,200005019,'1034279',956
200005,200005019,'1034318',962
200005,200005019,'1034341',964
200005,200005019,'1034344',965
200005,200005019,'1034360',967
200005,200005019,'1034392',969
200005,200005019,'1034401',970
200005,200005019,'1034412',973
200005,200005019,'1034421',974
200005,200005019,'1034456',977
200005,200005019,'1035452',1509
200005,200005019,'1035456',1510
200005,200005019,'1035465',1511
200005,200005019,'1035476',1512
200005,200005019,'1035492',1513
200005,200005019,'1035498',1514
200005,200005019,'1035530',1515
200005,200005019,'1035539',1516
200005,200005019,'1035576',1517
200005,200005019,'1035587',1518
200005,200005019,'1035604',1519
200005,200005019,'1035607',1520
200005,200005019,'1035610',1521
200005,200005019,'1035620',1522
200005,200005019,'1035624',1523
200005,200005019,'1035627',1524
200005,200005019,'1035633',1525
200005,200005019,'1035662',1526
200005,200005019,'1035667',1527
200005,200005019,'1035669',1528
200005,200005019,'1035677',1529
200005,200005019,'1035686',1530
200005,200005019,'1035697',1531
200005,200005019,'1035709',1532
200005,200005019,'1035735',1533
200005,200005019,'1035743',1534
200005,200005019,'1035744',1535
200005,200005029,'1033993',927
200005,200005029,'1034008',929
200005,200005029,'1034016',930
200005,200005029,'1034041',931
200005,200005029,'1034055',932
200005,200005029,'1034086',935
200005,200005029,'1034093',937
200005,200005029,'1034122',940
200005,200005029,'1034151',943
200005,200005029,'1034170',945
200005,200005029,'1034187',946
200005,200005029,'1034207',948
200005,200005029,'1034217',950
200005,200005029,'1034224',951
200005,200005029,'1034289',957
200005,200005029,'1034293',958
200005,200005029,'1034306',959
200005,200005029,'1034314',960
200005,200005029,'1034317',961
200005,200005029,'1034331',963
200005,200005029,'1034353',966
200005,200005029,'1034366',968
200005,200005029,'1034405',971
200005,200005029,'1034409',972
200005,200005029,'1034442',975
200005,200005029,'1034450',976
200005,200005029,'1034457',978
200005,200005029,'1034459',979
200005,200005029,'1035430',1536
200005,200005029,'1035444',1537
200005,200005029,'1035457',1538
200005,200005029,'1035459',1539
200005,200005029,'1035462',1540
200005,200005029,'1035464',1541
200005,200005029,'1035477',1542
200005,200005029,'1035488',1543
200005,200005029,'1035501',1544
200005,200005029,'1035517',1545
200005,200005029,'1035559',1546
200005,200005029,'1035568',1547
200005,200005029,'1035579',1548
200005,200005029,'1035581',1549
200005,200005029,'1035591',1550
200005,200005029,'1035594',1551
200005,200005029,'1035595',1552
200005,200005029,'1035602',1553
200005,200005029,'1035605',1554
200005,200005029,'1035635',1555
200005,200005029,'1035639',1556
200005,200005029,'1035645',1557
200005,200005029,'1035647',1558
200005,200005029,'1035649',1559
200005,200005029,'1035683',1560
200005,200005029,'1035725',1561
200005,200005029,'1035734',1562
200005,200005029,'1035746',1563
240008,240008019,'1033971',980
240008,240008019,'1033978',982
240008,240008019,'1034030',985
240008,240008019,'1034036',986
240008,240008019,'1034037',987
240008,240008019,'1034063',989
240008,240008019,'1034168',993
240008,240008019,'1034238',994
240008,240008019,'1034276',998
240008,240008019,'1034277',999
240008,240008019,'1034283',1001
240008,240008019,'1034286',1002
240008,240008019,'1034383',1006
240008,240008019,'1034388',1008
240008,240008019,'1034423',1009
240008,240008019,'1034440',1011
240008,240008019,'1034475',1013
240008,240008019,'1035436',1564
240008,240008019,'1035451',1565
240008,240008019,'1035494',1566
240008,240008019,'1035506',1567
240008,240008019,'1035538',1568
240008,240008019,'1035545',1569
240008,240008019,'1035585',1570
240008,240008019,'1035629',1571
240008,240008019,'1035666',1572
240008,240008019,'1035670',1573
240008,240008019,'1035675',1574
240008,240008019,'1035678',1575
240008,240008019,'1035693',1576
240008,240008019,'1035722',1577
240008,240008029,'1033973',981
240008,240008029,'1033980',983
240008,240008029,'1034003',984
240008,240008029,'1034051',988
240008,240008029,'1034078',990
240008,240008029,'1034123',991
240008,240008029,'1034128',992
240008,240008029,'1034252',995
240008,240008029,'1034259',996
240008,240008029,'1034275',997
240008,240008029,'1034281',1000
240008,240008029,'1034316',1003
240008,240008029,'1034345',1004
240008,240008029,'1034359',1005
240008,240008029,'1034384',1007
240008,240008029,'1034435',1010
240008,240008029,'1034452',1012
240008,240008029,'1035423',1578
240008,240008029,'1035439',1579
240008,240008029,'1035450',1580
240008,240008029,'1035463',1581
240008,240008029,'1035496',1582
240008,240008029,'1035532',1583
240008,240008029,'1035549',1584
240008,240008029,'1035589',1585
240008,240008029,'1035611',1586
240008,240008029,'1035612',1587
240008,240008029,'1035653',1588
240008,240008029,'1035656',1589
240008,240008029,'1035705',1590
240008,240008029,'1035728',1591
