1029,'1034007',717,,520,16,,,0
1029,'1034018',743,,523,16,,,0
1029,'1034027',650,,525,16,,,0
1029,'1034040',1719,,527,16,,,0
1029,'1034060',1315,,531,16,,,0
1029,'1034183',1741,,554,16,,,0
1029,'1034239',1631,,561,16,,,0
1029,'1034241',1703,,562,16,,,0
1029,'1034248',838,,564,16,,,0
1029,'1034300',557,,577,16,,,0
1029,'1034307',1829,,580,16,,,0
1029,'1034371',1757,,595,16,,,0
1029,'1034387',1813,,599,16,,,0
1029,'1034444',812,,610,16,,,0
1029,'1034476',1259,,614,16,,,0
1029,'1034479',1647,,616,16,,,0
1029,'1035453',642,,1146,16,,,0
1029,'1035470',1706,,1148,16,,,0
1029,'1035478',1325,,1150,16,,,0
1029,'1035482',1736,,1151,16,,,0
1029,'1035483',1607,,1152,16,,,0
1029,'1035502',1835,,1154,16,,,0
1029,'1035505',732,,1155,16,,,0
1029,'1035509',1637,,1156,16,,,0
1029,'1035518',757,,1158,16,,,0
1029,'1035573',1805,,1162,16,,,0
1029,'1035582',822,,1163,16,,,0
1029,'1035707',1300,,1174,16,,,0
1029,'1035715',556,,1177,16,,,0
