30005019,'1033957',1637,,870,7,,,0
30005019,'1033988',2257,,872,7,,,0
30005019,'1033996',2143,,873,7,,,0
30005019,'1033997',2106,,874,7,,,0
30005019,'1034038',1515,,877,7,,,0
30005019,'1034053',923,,878,7,,,0
30005019,'1034054',813,,879,7,,,0
30005019,'1034061',1434,,880,7,,,0
30005019,'1034077',738,,883,7,,,0
30005019,'1034091',1840,,884,7,,,0
30005019,'1034127',1153,,886,7,,,0
30005019,'1034138',2411,,887,7,,,0
30005019,'1034166',1718,,890,7,,,0
30005019,'1034167',2220,,891,7,,,0
30005019,'1034172',1556,,893,7,,,0
30005019,'1034173',1353,,894,7,,,0
30005019,'1034193',1759,,896,7,,,0
30005019,'1034198',630,,897,7,,,0
30005019,'1034200',704,,898,7,,,0
30005019,'1034204',1312,,900,7,,,0
30005019,'1034253',556,,903,4,,,0
30005019,'1034284',2029,,904,7,,,0
30005019,'1034333',1231,,906,7,,,0
30005019,'1034356',1113,,909,7,,,0
30005019,'1034375',2334,,911,7,,,0
30005019,'1034413',848,,917,7,,,0
30005019,'1034445',1002,,918,7,,,0
30005019,'1034464',1921,,920,7,,,0
30005019,'1035435',813,,1454,7,,,0
30005019,'1035446',923,,1455,7,,,0
30005019,'1035485',630,,1456,7,,,0
30005019,'1035500',738,,1457,7,,,0
30005019,'1035523',2334,,1458,7,,,0
30005019,'1035526',2029,,1459,7,,,0
30005019,'1035533',1231,,1460,7,,,0
30005019,'1035552',1113,,1461,7,,,0
30005019,'1035558',2220,,1462,7,,,0
30005019,'1035560',1840,,1463,7,,,0
30005019,'1035564',1556,,1464,7,,,0
30005019,'1035566',1434,,1465,7,,,0
30005019,'1035571',2106,,1466,7,,,0
30005019,'1035584',2411,,1467,7,,,0
30005019,'1035622',848,,1468,7,,,0
30005019,'1035628',1759,,1469,7,,,0
30005019,'1035630',1718,,1470,7,,,0
30005019,'1035665',704,,1471,7,,,0
30005019,'1035676',1153,,1472,7,,,0
30005019,'1035679',1312,,1473,7,,,0
30005019,'1035685',1353,,1474,7,,,0
30005019,'1035701',1637,,1475,7,,,0
30005019,'1035713',556,,1476,4,,,0
30005019,'1035721',2143,,1477,7,,,0
30005019,'1035727',1921,,1478,7,,,0
30005019,'1035736',2257,,1479,7,,,0
30005019,'1035737',1002,,1480,7,,,0
30005019,'1035739',1515,,1481,7,,,0
