200005029,'1033993',1435,,927,10,,,0
200005029,'1034008',2335,,929,10,,,0
200005029,'1034016',2258,,930,10,,,0
200005029,'1034041',1156,,931,10,,,0
200005029,'1034055',1235,,932,10,,,0
200005029,'1034086',2025,,935,10,,,0
200005029,'1034093',706,,937,10,,,0
200005029,'1034122',1555,,940,10,,,0
200005029,'1034151',630,,943,10,,,0
200005029,'1034170',1915,,945,10,,,0
200005029,'1034187',2105,,946,10,,,0
200005029,'1034207',1355,,948,10,,,0
200005029,'1034217',818,,950,10,,,0
200005029,'1034224',1715,,951,10,,,0
200005029,'1034289',2412,,957,10,,,0
200005029,'1034293',1315,,958,10,,,0
200005029,'1034306',1755,,959,10,,,0
200005029,'1034314',1515,,960,10,,,0
200005029,'1034317',1008,,961,10,,,0
200005029,'1034331',742,,963,10,,,0
200005029,'1034353',1635,,966,10,,,0
200005029,'1034366',930,,968,10,,,0
200005029,'1034405',1117,,971,10,,,0
200005029,'1034409',2144,,972,10,,,0
200005029,'1034442',1835,,975,10,,,0
200005029,'1034450',854,,976,10,,,0
200005029,'1034457',2221,,978,10,,,0
200005029,'1035430',2025,,1536,10,,,0
200005029,'1035444',1835,,1537,10,,,0
200005029,'1035457',930,,1538,10,,,0
200005029,'1035459',2258,,1539,10,,,0
200005029,'1035462',1715,,1540,10,,,0
200005029,'1035464',2144,,1541,10,,,0
200005029,'1035477',854,,1542,10,,,0
200005029,'1035488',742,,1543,10,,,0
200005029,'1035501',2105,,1544,10,,,0
200005029,'1035517',1355,,1545,10,,,0
200005029,'1035559',1635,,1546,10,,,0
200005029,'1035568',1515,,1547,10,,,0
200005029,'1035579',1315,,1548,10,,,0
200005029,'1035581',1117,,1549,10,,,0
200005029,'1035594',2412,,1551,10,,,0
200005029,'1035595',1755,,1552,10,,,0
200005029,'1035602',630,,1553,10,,,0
200005029,'1035605',1235,,1554,10,,,0
200005029,'1035635',1435,,1555,10,,,0
200005029,'1035639',2221,,1556,10,,,0
200005029,'1035645',1555,,1557,10,,,0
200005029,'1035647',818,,1558,10,,,0
200005029,'1035649',706,,1559,10,,,0
200005029,'1035683',1156,,1560,10,,,0
200005029,'1035725',1915,,1561,10,,,0
200005029,'1035734',2335,,1562,10,,,0
200005029,'1035746',1008,,1563,10,,,0
