30005029,'1033976',2346,,871,4,,,0
30005029,'1034033',716,,875,4,,,0
30005029,'1034035',750,,876,4,,,0
30005029,'1034067',1406,,881,4,,,0
30005029,'1034076',642,,882,4,,,0
30005029,'1034110',2118,,885,4,,,0
30005029,'1034148',1447,,888,4,,,0
30005029,'1034156',2309,,889,4,,,0
30005029,'1034169',900,,892,4,,,0
30005029,'1034184',2155,,895,4,,,0
30005029,'1034201',1812,,899,4,,,0
30005029,'1034225',1853,,901,4,,,0
30005029,'1034245',1731,,902,4,,,0
30005029,'1034287',935,,905,4,,,0
30005029,'1034350',2232,,907,4,,,0
30005029,'1034352',608,,908,4,,,0
30005029,'1034367',2041,,910,4,,,0
30005029,'1034377',1650,,912,4,,,0
30005029,'1034390',1015,,913,4,,,0
30005029,'1034399',1325,,914,4,,,0
30005029,'1034403',1528,,915,4,,,0
30005029,'1034404',1126,,916,4,,,0
30005029,'1034447',1206,,919,4,,,0
30005029,'1034470',1934,,921,4,,,0
30005029,'1034471',1609,,922,4,,,0
30005029,'1034472',1244,,923,4,,,0
30005029,'1034480',825,,924,4,,,0
30005029,'1035425',1609,,1482,4,,,0
30005029,'1035426',2118,,1483,4,,,0
30005029,'1035468',1447,,1484,4,,,0
30005029,'1035475',1126,,1485,4,,,0
30005029,'1035481',2309,,1486,4,,,0
30005029,'1035484',1731,,1487,4,,,0
30005029,'1035493',2346,,1488,4,,,0
30005029,'1035503',2232,,1489,4,,,0
30005029,'1035511',750,,1490,4,,,0
30005029,'1035513',642,,1491,4,,,0
30005029,'1035544',1325,,1492,4,,,0
30005029,'1035565',2155,,1493,4,,,0
30005029,'1035572',1853,,1494,4,,,0
30005029,'1035575',608,,1495,4,,,0
30005029,'1035598',1650,,1496,4,,,0
30005029,'1035599',900,,1497,4,,,0
30005029,'1035606',1015,,1498,4,,,0
30005029,'1035609',935,,1499,4,,,0
30005029,'1035616',1528,,1500,4,,,0
30005029,'1035638',1206,,1501,4,,,0
30005029,'1035644',1406,,1502,4,,,0
30005029,'1035660',2041,,1503,4,,,0
30005029,'1035704',825,,1504,4,,,0
30005029,'1035726',1934,,1505,4,,,0
30005029,'1035730',1244,,1506,4,,,0
30005029,'1035741',716,,1507,4,,,0
30005029,'1035742',1812,,1508,4,,,0
