2019,'1034867',1000,,1179,10,4,,0
2019,'1034868',2243,,1180,10,4,,0
2019,'1034870',824,,1181,10,4,,0
2019,'1034871',1746,,1182,10,4,,0
2019,'1034874',1522,,1183,10,4,,0
2019,'1034878',2343,,1184,10,4,,0
2019,'1034879',2222,,1185,10,4,,0
2019,'1034881',1254,,1186,10,4,,0
2019,'1034886',1454,,1187,10,4,,0
2019,'1034889',1024,,1188,10,4,,0
2019,'1034891',936,,1189,10,4,,0
2019,'1034896',1634,,1190,10,4,,0
2019,'1034897',2304,,1191,10,4,,0
2019,'1034898',1810,,1192,10,4,,0
2019,'1034903',1342,,1193,10,4,,0
2019,'1034909',1230,,1194,10,4,,0
2019,'1034911',1430,,1195,10,4,,0
2019,'1034912',912,,1196,10,4,,0
2019,'1034913',1658,,1197,10,4,,0
2019,'1034916',1858,,1198,10,4,,0
2019,'1034917',1406,,1199,10,4,,0
2019,'1034920',1610,,1200,10,4,,0
2019,'1034923',1142,,1201,10,4,,0
2019,'1034925',1318,,1202,10,4,,0
2019,'1034927',653,,1203,10,4,,0
2019,'1034935',802,,1204,10,4,,0
2019,'1034942',1206,,1205,10,4,,0
2019,'1034946',1118,,1206,10,4,,0
2019,'1034955',1834,,1207,10,4,,0
2019,'1034958',1919,,1208,10,4,,0
2019,'1034960',2325,,1209,10,4,,0
2019,'1034961',2119,,1210,10,4,,0
2019,'1034966',2201,,1211,10,4,,0
2019,'1034967',2004,,1212,10,4,,0
2019,'1034968',2140,,1213,10,4,,0
2019,'1034969',2058,,1214,10,4,,0
2019,'1034973',1943,,1215,10,4,,0
2019,'1034977',739,,1216,10,4,,0
2019,'1034984',1722,,1217,10,4,,0
2019,'1034985',1546,,1218,10,4,,0
2019,'1034986',850,,1219,10,4,,0
2029,'1033960',1424,,617,4,,,0
2029,'1033963',2203,,619,4,,,0
2029,'1033970',1300,,622,4,,,0
2029,'1033983',2233,,623,4,,,0
2029,'1033989',1922,,624,4,,,0
2029,'1033990',1715,,625,4,,,0
2029,'1034004',1550,,627,4,,,0
2029,'1034028',810,,630,4,,,0
2029,'1034034',1137,,632,4,,,0
2029,'1034044',2303,,633,4,,,0
2029,'1034064',837,,636,4,,,0
2029,'1034145',1158,,650,4,,,0
2029,'1034149',2327,,651,4,,,0
2029,'1034157',1734,,654,4,,,0
2029,'1034163',1528,,656,4,,,0
2029,'1034164',1044,,657,4,,,0
2029,'1034196',1653,,662,4,,,0
2029,'1034202',1943,,663,4,,,0
2029,'1034205',1632,,664,4,,,0
2029,'1034216',1403,,666,4,,,0
2029,'1034218',743,,667,4,,,0
2029,'1034226',1901,,668,4,,,0
2029,'1034227',1218,,669,4,,,0
2029,'1034230',1446,,671,4,,,0
2029,'1034273',2133,,672,4,,,0
2029,'1034278',2102,,673,4,,,0
2029,'1034285',936,,674,4,,,0
2029,'1034295',1111,,675,4,,,0
2029,'1034296',904,,676,4,,,0
2029,'1034297',1819,,677,4,,,0
2029,'1034308',2033,,679,4,,,0
2029,'1034325',1321,,682,4,,,0
2029,'1034326',716,,683,4,,,0
2029,'1034327',2007,,684,4,,,0
2029,'1034343',1007,,685,4,,,0
2029,'1034355',1611,,686,4,,,0
2029,'1034369',1507,,689,4,,,0
2029,'1034386',1239,,692,4,,,0
2029,'1034395',622,,694,4,,,0
2029,'1034414',1342,,696,4,,,0
2029,'1034433',1755,,697,4,,,0
2029,'1034477',1840,,700,4,,,0
2029,'1034864',1754,,1220,1,,,0
2029,'1034865',1238,,1221,1,,,0
2029,'1034869',2124,,1222,1,,,0
2029,'1034872',2227,,1223,1,,,0
2029,'1034876',2145,,1224,1,,,0
2029,'1034877',1554,,1225,1,,,0
2029,'1034882',1302,,1226,1,,,0
2029,'1034883',1126,,1227,1,,,0
2029,'1034893',1150,,1228,1,,,0
2029,'1034899',944,,1229,1,,,0
2029,'1034901',1730,,1230,1,,,0
2029,'1034902',615,,1231,1,,,0
2029,'1034908',1502,,1232,1,,,0
2029,'1034914',1530,,1233,1,,,0
2029,'1034919',1350,,1234,1,,,0
2029,'1034922',810,,1235,1,,,0
2029,'1034926',2248,,1236,1,,,0
2029,'1034929',1414,,1237,1,,,0
2029,'1034933',2103,,1238,1,,,0
2029,'1034938',1214,,1239,1,,,0
2029,'1034940',1438,,1240,1,,,0
2029,'1034944',725,,1241,1,,,0
2029,'1034945',1927,,1242,1,,,0
2029,'1034947',747,,1243,1,,,0
2029,'1034948',2042,,1244,1,,,0
2029,'1034950',1842,,1245,1,,,0
2029,'1034954',1906,,1246,1,,,0
2029,'1034956',1818,,1247,1,,,0
2029,'1034957',1706,,1248,1,,,0
2029,'1034959',1326,,1249,1,,,0
2029,'1034962',2021,,1250,1,,,0
2029,'1034963',701,,1251,1,,,0
2029,'1034964',1642,,1252,1,,,0
2029,'1034965',856,,1253,1,,,0
2029,'1034970',1038,,1254,1,,,0
2029,'1034971',2206,,1255,1,,,0
2029,'1034976',2309,,1256,1,,,0
2029,'1034979',1618,,1257,1,,,0
2029,'1034980',1102,,1258,1,,,0
2029,'1034987',920,,1259,1,,,0
2029,'1034988',832,,1260,1,,,0
