7019,'1034866',818,,1339,8,4,,0
7019,'1034884',700,,1340,8,4,,0
7019,'1034885',1439,,1341,8,4,,0
7019,'1034894',739,,1342,8,4,,0
7019,'1034895',1942,,1343,8,4,,0
7019,'1034900',1238,,1344,8,4,,0
7019,'1034904',1640,,1345,8,4,,0
7019,'1034907',932,,1346,8,4,,0
7019,'1034915',853,,1347,8,4,,0
7019,'1034918',1715,,1348,8,4,,0
7019,'1034921',1050,,1349,8,4,,0
7019,'1034924',1317,,1350,8,4,,0
7019,'1034928',1518,,1351,8,4,,0
7019,'1034930',1557,,1352,8,4,,0
7019,'1034931',1903,,1353,8,4,,0
7019,'1034932',1754,,1354,8,4,,0
7019,'1034934',1011,,1355,8,4,,0
7019,'1034943',2019,,1356,8,4,,0
7019,'1034972',2054,,1357,8,4,,0
7019,'1034975',1356,,1358,8,4,,0
7019,'1034983',1159,,1359,8,4,,0
7029,'1034873',1243,,1360,1,,,0
7029,'1034875',1322,,1361,1,,,0
7029,'1034880',821,,1362,1,,,0
7029,'1034887',937,,1363,1,,,0
7029,'1034888',1401,,1364,1,,,0
7029,'1034890',705,,1365,1,,,0
7029,'1034892',1604,,1366,1,,,0
7029,'1034905',2022,,1367,1,,,0
7029,'1034906',1829,,1368,1,,,0
7029,'1034910',1125,,1369,1,,,0
7029,'1034936',1643,,1370,1,,,0
7029,'1034937',1523,,1371,1,,,0
7029,'1034939',858,,1372,1,,,0
7029,'1034941',1444,,1373,1,,,0
7029,'1034949',2057,,1374,1,,,0
7029,'1034951',1720,,1375,1,,,0
7029,'1034952',1947,,1376,1,,,0
7029,'1034974',1204,,1378,1,,,0
7029,'1034978',1016,,1379,1,,,0
7029,'1034981',744,,1380,1,,,0
7029,'1034982',1908,,1381,1,,,0
