6019,'1034657',1107,,1069,9,,,0
6019,'1034658',927,,1070,9,,,0
6019,'1034659',822,,1071,9,,,0
6019,'1034664',1032,,1076,9,,,0
6019,'1034665',1646,,1077,9,,,0
6019,'1034666',1611,,1078,9,,,0
6019,'1034667',1351,,1079,9,,,0
6019,'1034668',1316,,1080,9,,,0
6019,'1034670',1721,,1082,9,,,0
6019,'1034671',1137,,1083,9,,,0
6019,'1034673',1501,,1085,9,,,0
6019,'1034676',2005,,1088,9,,,0
6019,'1034679',1536,,1091,9,,,0
6019,'1034680',2032,,1092,9,,,0
6019,'1034682',1756,,1094,9,,,0
6019,'1034684',1426,,1096,9,,,0
6019,'1034688',1241,,1100,9,,,0
6019,'1034690',1931,,1102,9,,,0
6019,'1034691',1831,,1103,9,,,0
