6019,'1034657',1106,,1069,8,,,0
6019,'1034658',926,,1070,8,,,0
6019,'1034659',821,,1071,8,,,0
6019,'1034664',1031,,1076,8,,,0
6019,'1034665',1645,,1077,8,,,0
6019,'1034666',1610,,1078,8,,,0
6019,'1034667',1350,,1079,8,,,0
6019,'1034668',1315,,1080,8,,,0
6019,'1034670',1720,,1082,8,,,0
6019,'1034671',1136,,1083,8,,,0
6019,'1034673',1500,,1085,8,,,0
6019,'1034676',2004,,1088,8,,,0
6019,'1034679',1535,,1091,8,,,0
6019,'1034680',2031,,1092,8,,,0
6019,'1034682',1755,,1094,8,,,0
6019,'1034684',1425,,1096,8,,,0
6019,'1034688',1240,,1100,8,,,0
6019,'1034690',1930,,1102,8,,,0
6019,'1034691',1830,,1103,8,,,0
