6029,'1034655',1444,,1067,4,,,0
6029,'1034656',1519,,1068,4,,,0
6029,'1034660',2047,,1072,4,,,0
6029,'1034661',1919,,1073,4,,,0
6029,'1034662',1554,,1074,4,,,0
6029,'1034663',1704,,1075,4,,,0
6029,'1034669',1739,,1081,4,,,0
6029,'1034672',1814,,1084,4,,,0
6029,'1034674',2020,,1086,4,,,0
6029,'1034675',1222,,1087,4,,,0
6029,'1034677',1409,,1089,4,,,0
6029,'1034678',1259,,1090,4,,,0
6029,'1034681',836,,1093,4,,,0
6029,'1034683',1121,,1095,4,,,0
6029,'1034685',1334,,1097,4,,,0
6029,'1034686',1046,,1098,4,,,0
6029,'1034687',1946,,1099,4,,,0
6029,'1034689',1629,,1101,4,,,0
6029,'1034692',941,,1104,4,,,0
