12029,'1034701',1841,,1387,3,0,27,0
12029,'1034705',1008,,1391,3,0,27,0
12029,'1034707',1630,,1393,3,0,27,0
12029,'1034708',1219,,1394,3,0,27,0
12029,'1034709',1728,,1395,3,0,27,0
12029,'1034710',757,,1396,3,0,27,0
12029,'1034711',1121,,1397,3,0,27,0
12029,'1034712',1517,,1398,3,0,27,0
12029,'1034713',1910,,1399,3,0,27,0
12029,'1034717',1659,,1403,3,0,27,0
12029,'1034718',1150,,1404,3,0,27,0
12029,'1034719',1037,,1405,3,0,27,0
12029,'1034721',1447,,1407,3,0,27,0
12029,'1034723',1757,,1409,3,0,27,0
12029,'1034726',910,,1412,3,0,27,0
12029,'1034727',1546,,1413,3,0,27,0
12029,'1034730',939,,1416,3,0,27,0
12029,'1034731',841,,1417,3,0,27,0
12029,'1035429',1630,,1418,3,0,27,0
12029,'1035434',1037,,1420,3,0,27,0
12029,'1035474',1517,,1424,3,0,27,0
12029,'1035490',1841,,1426,3,0,27,0
12029,'1035507',910,,1428,3,0,27,0
12029,'1035534',1728,,1431,3,0,27,0
12029,'1035537',1219,,1432,3,0,27,0
12029,'1035567',757,,1434,3,0,27,0
12029,'1035569',1546,,1435,3,0,27,0
12029,'1035570',1008,,1436,3,0,27,0
12029,'1035623',841,,1441,3,0,27,0
12029,'1035651',1447,,1442,3,0,27,0
12029,'1035681',939,,1445,3,0,27,0
12029,'1035692',1757,,1447,3,0,27,0
12029,'1035703',1150,,1449,3,0,27,0
12029,'1035714',1659,,1451,3,0,27,0
12029,'1035719',1910,,1452,3,0,27,0
12029,'1035729',1121,,1453,3,0,27,0
