12029,'1034701',1843,,1387,4,0,27,0
12029,'1034705',1010,,1391,4,0,27,0
12029,'1034707',1632,,1393,4,0,27,0
12029,'1034708',1221,,1394,4,0,27,0
12029,'1034709',1730,,1395,4,0,27,0
12029,'1034710',759,,1396,4,0,27,0
12029,'1034711',1123,,1397,4,0,27,0
12029,'1034712',1519,,1398,4,0,27,0
12029,'1034713',1912,,1399,4,0,27,0
12029,'1034717',1701,,1403,4,0,27,0
12029,'1034718',1152,,1404,4,0,27,0
12029,'1034719',1039,,1405,4,0,27,0
12029,'1034721',1449,,1407,4,0,27,0
12029,'1034723',1759,,1409,4,0,27,0
12029,'1034726',912,,1412,4,0,27,0
12029,'1034727',1548,,1413,4,0,27,0
12029,'1034730',941,,1416,4,0,27,0
12029,'1034731',843,,1417,4,0,27,0
12029,'1035429',1632,,1418,4,0,27,0
12029,'1035434',1039,,1420,4,0,27,0
12029,'1035474',1519,,1424,4,0,27,0
12029,'1035490',1843,,1426,4,0,27,0
12029,'1035507',912,,1428,4,0,27,0
12029,'1035534',1730,,1431,4,0,27,0
12029,'1035537',1221,,1432,4,0,27,0
12029,'1035567',759,,1434,4,0,27,0
12029,'1035569',1548,,1435,4,0,27,0
12029,'1035570',1010,,1436,4,0,27,0
12029,'1035623',843,,1441,4,0,27,0
12029,'1035651',1449,,1442,4,0,27,0
12029,'1035681',941,,1445,4,0,27,0
12029,'1035692',1759,,1447,4,0,27,0
12029,'1035703',1152,,1449,4,0,27,0
12029,'1035714',1701,,1451,4,0,27,0
12029,'1035719',1912,,1452,4,0,27,0
12029,'1035729',1123,,1453,4,0,27,0
