7019,'1034866',803,,1339,1,,,0
7019,'1034884',645,,1340,1,,,0
7019,'1034885',1424,,1341,1,,,0
7019,'1034894',724,,1342,1,,,0
7019,'1034895',1927,,1343,1,,,0
7019,'1034900',1223,,1344,1,,,0
7019,'1034904',1625,,1345,1,,,0
7019,'1034907',917,,1346,1,,,0
7019,'1034915',838,,1347,1,,,0
7019,'1034918',1700,,1348,1,,,0
7019,'1034921',1035,,1349,1,,,0
7019,'1034924',1302,,1350,1,,,0
7019,'1034928',1503,,1351,1,,,0
7019,'1034930',1542,,1352,1,,,0
7019,'1034931',1848,,1353,1,,,0
7019,'1034932',1739,,1354,1,,,0
7019,'1034934',956,,1355,1,,,0
7019,'1034943',2004,,1356,1,,,0
7019,'1034972',2039,,1357,1,,,0
7019,'1034975',1341,,1358,1,,,0
7019,'1034983',1144,,1359,1,,,0
7029,'1034873',1257,,1360,8,4,,0
7029,'1034875',1336,,1361,8,4,,0
7029,'1034880',835,,1362,8,4,,0
7029,'1034887',951,,1363,8,4,,0
7029,'1034888',1419,,1364,8,4,,0
7029,'1034890',719,,1365,8,4,,0
7029,'1034892',1618,,1366,8,4,,0
7029,'1034905',2036,,1367,8,4,,0
7029,'1034906',1843,,1368,8,4,,0
7029,'1034910',1139,,1369,8,4,,0
7029,'1034936',1657,,1370,8,4,,0
7029,'1034937',1537,,1371,8,4,,0
7029,'1034939',912,,1372,8,4,,0
7029,'1034941',1458,,1373,8,4,,0
7029,'1034949',2111,,1374,8,4,,0
7029,'1034951',1734,,1375,8,4,,0
7029,'1034952',2001,,1376,8,4,,0
7029,'1034953',643,,1377,7,4,,0
7029,'1034974',1218,,1378,8,4,,0
7029,'1034978',1030,,1379,8,4,,0
7029,'1034981',758,,1380,8,4,,0
7029,'1034982',1922,,1381,8,4,,0
