12029,'1033998',1236,,851,15,,,0
12029,'1034029',1620,,852,15,,,0
12029,'1034109',854,,854,15,,,0
12029,'1034290',1340,,860,15,,,0
12029,'1034406',958,,862,15,,,0
12029,'1034408',1102,,863,15,,,0
12029,'1034425',1725,,865,15,,,0
12029,'1034428',1445,,866,15,,,0
12029,'1034441',750,,868,4,,,0
12029,'1034696',1746,,1382,4,0,5 20,0
12029,'1034697',1026,,1383,4,0,5 20,0
12029,'1034698',1604,,1384,4,0,5 20,0
12029,'1034699',1139,,1385,4,0,5 20,0
12029,'1034700',859,,1386,4,0,5 20,0
12029,'1034702',1535,,1388,4,0,5 20,0
12029,'1034703',1830,,1389,4,0,5 20,0
12029,'1034704',1506,,1390,4,0,5 20,0
12029,'1034706',1208,,1392,4,0,5 20,0
12029,'1034714',1859,,1400,4,0,5 20,0
12029,'1034715',928,,1401,4,0,5 20,0
12029,'1034716',815,,1402,4,0,5 20,0
12029,'1034720',1717,,1406,4,0,5 20,0
12029,'1034722',1436,,1408,4,0,5 20,0
12029,'1034724',1648,,1410,4,0,5 20,0
12029,'1034725',1110,,1411,4,0,5 20,0
12029,'1034728',746,,1414,4,0,5 20,0
12029,'1034729',957,,1415,4,0,5 20,0
12029,'1035431',1859,,1419,4,0,5 20,0
12029,'1035438',1717,,1421,4,0,5 20,0
12029,'1035460',1208,,1422,4,0,5 20,0
12029,'1035472',1746,,1423,4,0,5 20,0
12029,'1035489',1506,,1425,4,0,5 20,0
12029,'1035495',1648,,1427,4,0,5 20,0
12029,'1035515',859,,1429,4,0,5 20,0
12029,'1035531',928,,1430,4,0,5 20,0
12029,'1035540',1436,,1433,4,0,5 20,0
12029,'1035613',1139,,1437,4,0,5 20,0
12029,'1035615',957,,1438,4,0,5 20,0
12029,'1035618',1830,,1439,4,0,5 20,0
12029,'1035619',1604,,1440,4,0,5 20,0
12029,'1035658',1026,,1443,4,0,5 20,0
12029,'1035659',1110,,1444,4,0,5 20,0
12029,'1035688',1535,,1446,4,0,5 20,0
12029,'1035695',746,,1448,4,0,5 20,0
12029,'1035711',815,,1450,4,0,5 20,0
