1019,2428701,1,0,0
1019,2428700,2,0,0
1019,2428699,3,0,0
1019,2428698,4,0,0
1019,2428669,5,0,0
1019,2483904,6,0,0
1019,2428696,7,0,0
1019,2428695,8,0,0
1019,2512554,9,0,0
1019,2428694,10,0,0
1019,2428693,11,0,0
1019,2581624,12,1,0
1019,2428692,13,0,0
1019,2434984,14,1,1
1029,2434984,1,0,0
1029,2428690,2,0,0
1029,2428689,3,0,0
1029,3,4,0,0
1029,2428688,5,0,0
1029,2428687,6,0,0
1029,2428686,7,0,0
1029,2581579,8,0,0
1029,2428684,9,0,0
1029,2428683,10,0,0
1029,2428682,11,0,0
1029,2428681,12,0,0
1029,4244421,13,1,0
1029,4244420,14,1,0
1029,3478348,15,0,0
1029,3478349,16,0,0
1029,2428701,17,1,1
2019,2428673,1,0,0
2019,2428672,2,0,0
2019,2428688,3,0,0
2019,2428687,4,0,0
2019,2428686,5,0,0
2019,2581579,6,0,0
2019,2452887,7,0,0
2019,2428670,8,0,0
2019,2435112,9,0,0
2019,2613909,10,1,0
2019,2435111,11,1,1
2029,2435111,1,0,0
2029,2435110,2,0,0
2029,2428678,3,0,0
2029,2428677,4,0,0
2029,2428676,5,0,0
2029,2452886,6,0,0
2029,2428669,7,0,0
2029,2483904,8,0,0
2029,2428696,9,0,0
2029,2428695,10,0,0
2029,2428674,11,0,0
2029,2428673,12,1,1
3019,2428659,1,0,0
3019,2428658,2,0,0
3019,2428657,3,0,0
3019,2428656,4,0,0
3019,2428700,5,1,0
3019,2428685,6,1,1
3029,2428685,1,0,0
3029,2428683,2,0,0
3029,2428681,3,0,0
3029,2428679,4,0,0
3029,2428663,5,0,0
3029,2428662,6,0,0
3029,2428661,7,0,0
3029,2428660,8,0,0
3029,2428659,9,1,1
4019,2428666,1,0,0
4019,2428665,2,0,0
4019,2428664,3,0,0
4019,2428687,4,0,0
4019,2428686,5,0,0
4019,2581579,6,1,0
4019,3478350,7,0,0
4019,2483904,8,1,1
4029,2483904,1,0,0
4029,2428696,2,0,0
4029,2428695,3,0,0
4029,2428674,4,0,0
4029,2745524,5,0,0
4029,2428672,6,0,0
4029,2428668,7,0,0
4029,2428667,8,0,0
4029,2428666,9,1,1
6019,2428685,1,0,0
6019,2428683,2,0,0
6019,2428681,3,0,0
6019,2435113,4,0,0
6019,4245257,5,0,0
6019,2512555,6,0,0
6019,2435117,7,0,0
6019,2435118,8,0,0
6019,2435119,9,0,0
6019,2435120,10,1,1
6029,2435120,1,0,0
6029,2435130,2,0,0
6029,2435129,3,0,0
6029,2435128,4,0,0
6029,2512555,5,0,0
6029,4245258,6,0,0
6029,2435114,7,0,0
6029,2428700,8,1,0
6029,2428685,9,1,1
9019,2512556,1,0,0
9019,5,2,0,0
9019,2428685,3,1,1
9029,2428685,1,0,0
9029,6,2,0,0
9029,2512556,3,1,1
12019,3478351,1,0,0
12019,3478352,2,0,0
12019,3478353,3,0,0
12019,2428633,4,0,0
12019,2428632,5,0,0
12019,2428631,6,0,0
12019,2428659,7,0,0
12019,2428658,8,0,0
12019,2428630,9,0,0
12019,2428657,10,0,0
12019,2428656,11,0,0
12019,3478356,12,0,0
12019,21,13,0,0
12019,25,14,0,0
12019,3478358,15,0,0
12019,29,16,0,0
12019,2428661,17,0,0
12019,2428660,18,0,0
12029,2428659,1,0,0
12029,2428643,2,0,0
12029,2428642,3,0,0
12029,2428641,4,0,0
12029,3478363,5,0,0
12029,3478352,6,0,0
12029,3478351,7,1,1
30005019,2428659,1,0,0
30005019,2428658,2,0,0
30005019,2428630,3,0,0
30005019,2428657,4,0,0
30005019,2428629,5,0,0
30005019,2428628,6,0,0
30005019,2428627,7,0,0
30005019,2428626,8,0,0
30005019,2428625,9,0,0
30005019,2537738,10,0,0
30005019,2428624,11,0,0
30005019,2428622,12,0,0
30005019,2428623,13,0,0
30005019,2428621,14,0,0
30005019,2428655,15,1,1
30005029,2428655,1,0,0
30005029,2537730,2,0,0
30005029,3449924,3,0,0
30005029,2577172,4,0,0
30005029,2537732,5,0,0
30005029,2428646,6,0,0
30005029,2428645,7,0,0
30005029,2428644,8,0,0
30005029,2428661,9,0,0
30005029,2428660,10,0,0
30005029,2428659,11,1,1
200005019,2428637,1,0,0
200005019,2428638,2,0,0
200005019,2428636,3,0,0
200005019,2428635,4,0,0
200005019,2428634,5,0,0
200005019,2428633,6,0,0
200005019,2428632,7,0,0
200005019,2428631,8,0,0
200005019,3463440,9,0,0
200005019,2537733,10,0,0
200005019,2537734,11,0,0
200005019,2537735,12,0,0
200005019,26,13,1,1
200005029,26,1,0,0
200005029,2428643,2,0,0
200005029,2428642,3,0,0
200005029,2428641,4,0,0
200005029,2428640,5,0,0
200005029,2428639,6,0,0
200005029,2428654,7,0,0
200005029,2577174,8,0,0
200005029,2577173,9,0,0
200005029,32,10,0,0
200005029,2428615,11,0,0
200005029,31,12,0,0
200005029,2428637,13,1,1
240008019,2483623,1,0,0
240008019,2512553,2,0,0
240008019,2428685,3,1,1
240008029,2428685,1,0,0
240008029,2512552,2,1,0
240008029,2483623,3,1,1
