30005029,'1033976',2349,,871,7,,,0
30005029,'1034033',719,,875,7,,,0
30005029,'1034035',753,,876,7,,,0
30005029,'1034067',1410,,881,7,,,0
30005029,'1034076',645,,882,7,,,0
30005029,'1034110',2121,,885,7,,,0
30005029,'1034148',1451,,888,7,,,0
30005029,'1034156',2312,,889,7,,,0
30005029,'1034169',903,,892,7,,,0
30005029,'1034184',2158,,895,7,,,0
30005029,'1034201',1816,,899,7,,,0
30005029,'1034225',1857,,901,7,,,0
30005029,'1034245',1735,,902,7,,,0
30005029,'1034287',939,,905,7,,,0
30005029,'1034350',2235,,907,7,,,0
30005029,'1034352',611,,908,7,,,0
30005029,'1034367',2044,,910,7,,,0
30005029,'1034377',1654,,912,7,,,0
30005029,'1034390',1019,,913,7,,,0
30005029,'1034399',1329,,914,7,,,0
30005029,'1034403',1532,,915,7,,,0
30005029,'1034404',1130,,916,7,,,0
30005029,'1034447',1210,,919,7,,,0
30005029,'1034470',1937,,921,7,,,0
30005029,'1034471',1613,,922,7,,,0
30005029,'1034472',1248,,923,7,,,0
30005029,'1034480',828,,924,7,,,0
30005029,'1035425',1613,,1482,7,,,0
30005029,'1035426',2121,,1483,7,,,0
30005029,'1035468',1451,,1484,7,,,0
30005029,'1035475',1130,,1485,7,,,0
30005029,'1035481',2312,,1486,7,,,0
30005029,'1035484',1735,,1487,7,,,0
30005029,'1035493',2349,,1488,7,,,0
30005029,'1035503',2235,,1489,7,,,0
30005029,'1035511',753,,1490,7,,,0
30005029,'1035513',645,,1491,7,,,0
30005029,'1035544',1329,,1492,7,,,0
30005029,'1035565',2158,,1493,7,,,0
30005029,'1035572',1857,,1494,7,,,0
30005029,'1035575',611,,1495,7,,,0
30005029,'1035598',1654,,1496,7,,,0
30005029,'1035599',903,,1497,7,,,0
30005029,'1035606',1019,,1498,7,,,0
30005029,'1035609',939,,1499,7,,,0
30005029,'1035616',1532,,1500,7,,,0
30005029,'1035638',1210,,1501,7,,,0
30005029,'1035644',1410,,1502,7,,,0
30005029,'1035660',2044,,1503,7,,,0
30005029,'1035704',828,,1504,7,,,0
30005029,'1035726',1937,,1505,7,,,0
30005029,'1035730',1248,,1506,7,,,0
30005029,'1035741',719,,1507,7,,,0
30005029,'1035742',1816,,1508,7,,,0
