7029,'1034873',1253,,1360,6,,,0
7029,'1034875',1332,,1361,6,,,0
7029,'1034880',831,,1362,6,,,0
7029,'1034887',947,,1363,6,,,0
7029,'1034888',1415,,1364,6,,,0
7029,'1034890',715,,1365,6,,,0
7029,'1034892',1614,,1366,6,,,0
7029,'1034905',2032,,1367,6,,,0
7029,'1034906',1839,,1368,6,,,0
7029,'1034910',1135,,1369,6,,,0
7029,'1034936',1653,,1370,6,,,0
7029,'1034937',1533,,1371,6,,,0
7029,'1034939',908,,1372,6,,,0
7029,'1034941',1454,,1373,6,,,0
7029,'1034949',2107,,1374,6,,,0
7029,'1034951',1730,,1375,6,,,0
7029,'1034952',1957,,1376,6,,,0
7029,'1034953',639,,1377,5,,,0
7029,'1034974',1214,,1378,6,,,0
7029,'1034978',1026,,1379,6,,,0
7029,'1034981',754,,1380,6,,,0
7029,'1034982',1918,,1381,6,,,0
