1019,'1033958',2131,,511,6,,,0
1019,'1033964',1607,,512,6,,,0
1019,'1033965',1717,,513,6,,,0
1019,'1033969',1827,,514,6,,,0
1019,'1033974',1645,,515,6,,,0
1019,'1033987',2223,,518,6,,,0
1019,'1034024',701,,524,6,,,0
1019,'1034043',2040,,528,6,,,0
1019,'1034052',1623,,530,6,,,0
1019,'1034065',1033,,532,6,,,0
1019,'1034066',1503,,533,6,,,0
1019,'1034088',1236,,535,6,,,0
1019,'1034095',1135,,536,6,,,0
1019,'1034096',1551,,537,6,,,0
1019,'1034101',1431,,538,6,,,0
1019,'1034105',1054,,539,6,,,0
1019,'1034108',1415,,540,6,,,0
1019,'1034112',1733,,542,6,,,0
1019,'1034124',2008,,544,6,,,0
1019,'1034134',515,,546,6,,,0
1019,'1034139',2105,,547,6,,,0
1019,'1034143',2315,,548,6,,,0
1019,'1034171',608,,550,6,,,0
1019,'1034179',1936,,551,6,,,0
1019,'1034182',2024,,553,6,,,0
1019,'1034191',1343,,555,6,,,0
1019,'1034233',1220,,559,6,,,0
1019,'1034234',635,,560,6,,,0
1019,'1034249',948,,565,6,,,0
1019,'1034250',1701,,566,6,,,0
1019,'1034268',1150,,571,6,,,0
1019,'1034282',824,,573,6,,,0
1019,'1034288',1519,,574,6,,,0
1019,'1034291',1811,,575,6,,,0
1019,'1034303',2157,,578,6,,,0
1019,'1034304',1011,,579,6,,,0
1019,'1034311',2249,,581,6,,,0
1019,'1034315',1447,,583,6,,,0
1019,'1034328',1535,,585,6,,,0
1019,'1034336',1843,,586,6,,,0
1019,'1034340',902,,587,6,,,0
1019,'1034342',1204,,588,6,,,0
1019,'1034362',1327,,591,6,,,0
1019,'1034363',730,,592,6,,,0
1019,'1034364',756,,593,6,,,0
1019,'1034379',1252,,597,6,,,0
1019,'1034385',1859,,598,6,,,0
1019,'1034391',923,,600,6,,,0
1019,'1034394',1311,,601,6,,,0
1019,'1034410',1119,,604,6,,,0
1019,'1034415',1755,,605,6,,,0
1019,'1034462',844,,611,6,,,0
1019,'1034469',1359,,613,6,,,0
1019,'1035428',1456,,1105,6,,,0
1019,'1035437',1214,,1106,6,,,0
1019,'1035441',1402,,1107,6,,,0
1019,'1035442',2124,,1108,6,,,0
1019,'1035443',2057,,1109,6,,,0
1019,'1035447',606,,1110,6,,,0
1019,'1035449',2258,,1111,6,,,0
1019,'1035479',1719,,1112,6,,,0
1019,'1035491',1313,,1113,6,,,0
1019,'1035520',1239,,1114,6,,,0
1019,'1035524',521,,1115,6,,,0
1019,'1035527',1147,,1116,6,,,0
1019,'1035541',1122,,1117,6,,,0
1019,'1035542',1338,,1118,6,,,0
1019,'1035543',2030,,1119,6,,,0
1019,'1035546',1818,,1120,6,,,0
1019,'1035548',1650,,1121,6,,,0
1019,'1035554',2233,,1122,6,,,0
1019,'1035555',1551,,1123,6,,,0
1019,'1035578',746,,1124,6,,,0
1019,'1035583',1749,,1125,6,,,0
1019,'1035590',1521,,1126,6,,,0
1019,'1035593',813,,1127,6,,,0
1019,'1035601',838,,1128,6,,,0
1019,'1035643',2146,,1129,6,,,0
1019,'1035655',1432,,1130,6,,,0
1019,'1035661',656,,1131,6,,,0
1019,'1035664',2211,,1132,6,,,0
1019,'1035674',1055,,1133,6,,,0
1019,'1035684',1030,,1134,6,,,0
1019,'1035702',1912,,1135,6,,,0
1019,'1035710',1000,,1136,6,,,0
1019,'1035717',1938,,1137,6,,,0
1019,'1035718',1620,,1138,6,,,0
1019,'1035723',721,,1139,6,,,0
1019,'1035731',904,,1140,6,,,0
1019,'1035733',1848,,1141,6,,,0
2029,'1033960',1433,,617,8,,,0
2029,'1033963',2212,,619,8,,,0
2029,'1033970',1309,,622,8,,,0
2029,'1033983',2242,,623,8,,,0
2029,'1033989',1931,,624,8,,,0
2029,'1033990',1724,,625,8,,,0
2029,'1034004',1559,,627,8,,,0
2029,'1034028',818,,630,8,,,0
2029,'1034034',1146,,632,8,,,0
2029,'1034044',2312,,633,8,,,0
2029,'1034064',846,,636,8,,,0
2029,'1034145',1207,,650,8,,,0
2029,'1034149',2336,,651,8,,,0
2029,'1034157',1743,,654,8,,,0
2029,'1034163',1537,,656,8,,,0
2029,'1034164',1053,,657,8,,,0
2029,'1034196',1702,,662,8,,,0
2029,'1034202',1952,,663,8,,,0
2029,'1034205',1641,,664,8,,,0
2029,'1034216',1412,,666,8,,,0
2029,'1034218',751,,667,8,,,0
2029,'1034226',1910,,668,8,,,0
2029,'1034227',1227,,669,8,,,0
2029,'1034230',1455,,671,8,,,0
2029,'1034273',2142,,672,8,,,0
2029,'1034278',2111,,673,8,,,0
2029,'1034285',945,,674,8,,,0
2029,'1034295',1120,,675,8,,,0
2029,'1034296',913,,676,8,,,0
2029,'1034297',1828,,677,8,,,0
2029,'1034308',2042,,679,8,,,0
2029,'1034325',1330,,682,8,,,0
2029,'1034326',724,,683,8,,,0
2029,'1034327',2016,,684,8,,,0
2029,'1034343',1016,,685,8,,,0
2029,'1034355',1620,,686,8,,,0
2029,'1034369',1516,,689,8,,,0
2029,'1034386',1248,,692,8,,,0
2029,'1034395',630,,694,8,,,0
2029,'1034414',1351,,696,8,,,0
2029,'1034433',1804,,697,8,,,0
2029,'1034477',1849,,700,8,,,0
2029,'1034864',1803,,1220,5,,,0
2029,'1034865',1247,,1221,5,,,0
2029,'1034869',2133,,1222,5,,,0
2029,'1034872',2236,,1223,5,,,0
2029,'1034876',2154,,1224,5,,,0
2029,'1034877',1603,,1225,5,,,0
2029,'1034882',1311,,1226,5,,,0
2029,'1034883',1135,,1227,5,,,0
2029,'1034893',1159,,1228,5,,,0
2029,'1034899',953,,1229,5,,,0
2029,'1034901',1739,,1230,5,,,0
2029,'1034902',624,,1231,5,,,0
2029,'1034908',1515,,1232,5,,,0
2029,'1034914',1539,,1233,5,,,0
2029,'1034919',1359,,1234,5,,,0
2029,'1034922',819,,1235,5,,,0
2029,'1034926',2257,,1236,5,,,0
2029,'1034929',1423,,1237,5,,,0
2029,'1034933',2112,,1238,5,,,0
2029,'1034938',1223,,1239,5,,,0
2029,'1034940',1451,,1240,5,,,0
2029,'1034944',734,,1241,5,,,0
2029,'1034945',1936,,1242,5,,,0
2029,'1034947',756,,1243,5,,,0
2029,'1034948',2051,,1244,5,,,0
2029,'1034950',1851,,1245,5,,,0
2029,'1034954',1915,,1246,5,,,0
2029,'1034956',1827,,1247,5,,,0
2029,'1034957',1715,,1248,5,,,0
2029,'1034959',1335,,1249,5,,,0
2029,'1034962',2030,,1250,5,,,0
2029,'1034963',710,,1251,5,,,0
2029,'1034964',1651,,1252,5,,,0
2029,'1034965',905,,1253,5,,,0
2029,'1034970',1047,,1254,5,,,0
2029,'1034971',2215,,1255,5,,,0
2029,'1034976',2318,,1256,5,,,0
2029,'1034979',1627,,1257,5,,,0
2029,'1034980',1111,,1258,5,,,0
2029,'1034987',929,,1259,5,,,0
2029,'1034988',841,,1260,5,,,0
4019,'1033979',1014,,779,8,4,,0
4019,'1033994',1645,,780,8,4,,0
4019,'1034099',1528,,785,8,4,,0
4019,'1034189',1307,,790,8,4,,0
4019,'1034298',1150,,792,8,4,,0
4019,'1034382',1441,,794,8,4,,0
4019,'1034451',1102,,796,8,4,,0
4019,'1034453',926,,797,8,4,,0
4019,'1034474',1354,,798,8,4,,0
4029,'1034010',900,,781,1,,,0
4029,'1034046',1443,,782,1,,,0
4029,'1034047',1152,,783,1,,,0
4029,'1034084',1356,,784,1,,,0
4029,'1034136',1016,,786,1,,,0
4029,'1034147',928,,787,1,,,0
4029,'1034177',1309,,789,1,,,0
4029,'1034197',1647,,791,1,,,0
4029,'1034373',1530,,793,1,,,0
4029,'1034436',1104,,795,1,,,0
7019,'1034866',808,,1339,3,,,0
7019,'1034884',650,,1340,3,,,0
7019,'1034885',1429,,1341,3,,,0
7019,'1034894',729,,1342,3,,,0
7019,'1034895',1932,,1343,3,,,0
7019,'1034900',1228,,1344,3,,,0
7019,'1034904',1630,,1345,3,,,0
7019,'1034907',922,,1346,3,,,0
7019,'1034915',843,,1347,3,,,0
7019,'1034918',1705,,1348,3,,,0
7019,'1034921',1040,,1349,3,,,0
7019,'1034924',1307,,1350,3,,,0
7019,'1034928',1508,,1351,3,,,0
7019,'1034930',1547,,1352,3,,,0
7019,'1034931',1853,,1353,3,,,0
7019,'1034932',1744,,1354,3,,,0
7019,'1034934',1001,,1355,3,,,0
7019,'1034943',2009,,1356,3,,,0
7019,'1034972',2044,,1357,3,,,0
7019,'1034975',1346,,1358,3,,,0
7019,'1034983',1149,,1359,3,,,0
