200005019,'1033977',1441,,925,2,,,0
200005019,'1033982',822,,926,2,,,0
200005019,'1033995',2111,,928,2,,,0
200005019,'1034075',935,,933,2,,,0
200005019,'1034079',1321,,934,2,,,0
200005019,'1034092',558,,936,2,,,0
200005019,'1034098',1521,,938,2,,,0
200005019,'1034119',1641,,939,2,,,0
200005019,'1034137',1202,,941,2,,,0
200005019,'1034150',1841,,942,2,,,0
200005019,'1034165',2031,,944,2,,,0
200005019,'1034203',1921,,947,2,,,0
200005019,'1034213',746,,949,2,,,0
200005019,'1034236',1014,,952,2,,,0
200005019,'1034256',710,,953,2,,,0
200005019,'1034264',1401,,954,2,,,0
200005019,'1034274',1123,,955,2,,,0
200005019,'1034279',1241,,956,2,,,0
200005019,'1034318',2304,,962,2,,,0
200005019,'1034341',634,,964,2,,,0
200005019,'1034344',2341,,965,2,,,0
200005019,'1034360',1601,,967,2,,,0
200005019,'1034392',1721,,969,2,,,0
200005019,'1034401',1801,,970,2,,,0
200005019,'1034412',2227,,973,2,,,0
200005019,'1034421',858,,974,2,,,0
200005019,'1034456',2150,,977,2,,,0
200005019,'1035452',558,,1509,2,,,0
200005019,'1035456',2304,,1510,2,,,0
200005019,'1035465',1241,,1511,2,,,0
200005019,'1035476',2227,,1512,2,,,0
200005019,'1035492',1321,,1513,2,,,0
200005019,'1035498',2031,,1514,2,,,0
200005019,'1035530',710,,1515,2,,,0
200005019,'1035539',2341,,1516,2,,,0
200005019,'1035576',935,,1517,2,,,0
200005019,'1035587',1841,,1518,2,,,0
200005019,'1035604',1601,,1519,2,,,0
200005019,'1035607',1801,,1520,2,,,0
200005019,'1035610',746,,1521,2,,,0
200005019,'1035620',1721,,1522,2,,,0
200005019,'1035624',822,,1523,2,,,0
200005019,'1035627',2150,,1524,2,,,0
200005019,'1035633',1521,,1525,2,,,0
200005019,'1035662',858,,1526,2,,,0
200005019,'1035667',1123,,1527,2,,,0
200005019,'1035669',1401,,1528,2,,,0
200005019,'1035677',1641,,1529,2,,,0
200005019,'1035686',634,,1530,2,,,0
200005019,'1035697',1202,,1531,2,,,0
200005019,'1035709',2111,,1532,2,,,0
200005019,'1035735',1014,,1533,2,,,0
200005019,'1035743',1441,,1534,2,,,0
200005019,'1035744',1921,,1535,2,,,0
