12019,'1034073',1353,,853,3,,,0
12019,'1034126',803,,855,3,,,0
12019,'1034222',1145,,857,3,,,0
12019,'1034244',1528,,858,3,,,0
12019,'1034247',1249,,859,3,,,0
12019,'1034305',1011,,861,3,,,0
12019,'1034411',1738,,864,3,,,0
12019,'1034432',907,,867,3,,,0
12019,'1034454',1633,,869,3,,,0
200005029,'1033993',1426,,927,3,,,0
200005029,'1034008',2326,,929,3,,,0
200005029,'1034016',2249,,930,3,,,0
200005029,'1034041',1147,,931,3,,,0
200005029,'1034055',1226,,932,3,,,0
200005029,'1034086',2016,,935,3,,,0
200005029,'1034093',657,,937,3,,,0
200005029,'1034122',1546,,940,3,,,0
200005029,'1034151',621,,943,3,,,0
200005029,'1034170',1906,,945,3,,,0
200005029,'1034187',2056,,946,3,,,0
200005029,'1034207',1346,,948,3,,,0
200005029,'1034217',809,,950,3,,,0
200005029,'1034224',1706,,951,3,,,0
200005029,'1034289',2403,,957,3,,,0
200005029,'1034293',1306,,958,3,,,0
200005029,'1034306',1746,,959,3,,,0
200005029,'1034314',1506,,960,3,,,0
200005029,'1034317',959,,961,3,,,0
200005029,'1034331',733,,963,3,,,0
200005029,'1034353',1626,,966,3,,,0
200005029,'1034366',921,,968,3,,,0
200005029,'1034405',1108,,971,3,,,0
200005029,'1034409',2135,,972,3,,,0
200005029,'1034442',1826,,975,3,,,0
200005029,'1034450',845,,976,3,,,0
200005029,'1034457',2212,,978,3,,,0
200005029,'1035430',2016,,1536,3,,,0
200005029,'1035444',1826,,1537,3,,,0
200005029,'1035457',921,,1538,3,,,0
200005029,'1035459',2249,,1539,3,,,0
200005029,'1035462',1706,,1540,3,,,0
200005029,'1035464',2135,,1541,3,,,0
200005029,'1035477',845,,1542,3,,,0
200005029,'1035488',733,,1543,3,,,0
200005029,'1035501',2056,,1544,3,,,0
200005029,'1035517',1346,,1545,3,,,0
200005029,'1035559',1626,,1546,3,,,0
200005029,'1035568',1506,,1547,3,,,0
200005029,'1035579',1306,,1548,3,,,0
200005029,'1035581',1108,,1549,3,,,0
200005029,'1035594',2403,,1551,3,,,0
200005029,'1035595',1746,,1552,3,,,0
200005029,'1035602',621,,1553,3,,,0
200005029,'1035605',1226,,1554,3,,,0
200005029,'1035635',1426,,1555,3,,,0
200005029,'1035639',2212,,1556,3,,,0
200005029,'1035645',1546,,1557,3,,,0
200005029,'1035647',809,,1558,3,,,0
200005029,'1035649',657,,1559,3,,,0
200005029,'1035683',1147,,1560,3,,,0
200005029,'1035725',1906,,1561,3,,,0
200005029,'1035734',2326,,1562,3,,,0
200005029,'1035746',959,,1563,3,,,0
