7019,'1034866',805,,1339,2,,,0
7019,'1034884',647,,1340,2,,,0
7019,'1034885',1426,,1341,2,,,0
7019,'1034894',726,,1342,2,,,0
7019,'1034895',1929,,1343,2,,,0
7019,'1034900',1225,,1344,2,,,0
7019,'1034904',1627,,1345,2,,,0
7019,'1034907',919,,1346,2,,,0
7019,'1034915',840,,1347,2,,,0
7019,'1034918',1702,,1348,2,,,0
7019,'1034921',1037,,1349,2,,,0
7019,'1034924',1304,,1350,2,,,0
7019,'1034928',1505,,1351,2,,,0
7019,'1034930',1544,,1352,2,,,0
7019,'1034931',1850,,1353,2,,,0
7019,'1034932',1741,,1354,2,,,0
7019,'1034934',958,,1355,2,,,0
7019,'1034943',2006,,1356,2,,,0
7019,'1034972',2041,,1357,2,,,0
7019,'1034975',1343,,1358,2,,,0
7019,'1034983',1146,,1359,2,,,0
