30005019,'1033957',1642,,870,12,,,0
30005019,'1033988',2301,,872,12,,,0
30005019,'1033996',2147,,873,12,,,0
30005019,'1033997',2110,,874,12,,,0
30005019,'1034038',1520,,877,12,,,0
30005019,'1034053',927,,878,12,,,0
30005019,'1034054',817,,879,12,,,0
30005019,'1034061',1439,,880,12,,,0
30005019,'1034077',742,,883,12,,,0
30005019,'1034091',1845,,884,12,,,0
30005019,'1034127',1158,,886,12,,,0
30005019,'1034138',2415,,887,12,,,0
30005019,'1034166',1723,,890,12,,,0
30005019,'1034167',2224,,891,12,,,0
30005019,'1034172',1601,,893,12,,,0
30005019,'1034173',1358,,894,12,,,0
30005019,'1034193',1804,,896,12,,,0
30005019,'1034198',634,,897,12,,,0
30005019,'1034200',708,,898,12,,,0
30005019,'1034204',1317,,900,12,,,0
30005019,'1034253',600,,903,9,,,0
30005019,'1034284',2033,,904,12,,,0
30005019,'1034333',1236,,906,12,,,0
30005019,'1034356',1118,,909,12,,,0
30005019,'1034375',2338,,911,12,,,0
30005019,'1034413',852,,917,12,,,0
30005019,'1034445',1007,,918,12,,,0
30005019,'1034464',1926,,920,12,,,0
30005019,'1035435',817,,1454,12,,,0
30005019,'1035446',927,,1455,12,,,0
30005019,'1035485',634,,1456,12,,,0
30005019,'1035500',742,,1457,12,,,0
30005019,'1035523',2338,,1458,12,,,0
30005019,'1035526',2033,,1459,12,,,0
30005019,'1035533',1236,,1460,12,,,0
30005019,'1035552',1118,,1461,12,,,0
30005019,'1035558',2224,,1462,12,,,0
30005019,'1035560',1845,,1463,12,,,0
30005019,'1035564',1601,,1464,12,,,0
30005019,'1035566',1439,,1465,12,,,0
30005019,'1035571',2110,,1466,12,,,0
30005019,'1035584',2415,,1467,12,,,0
30005019,'1035622',852,,1468,12,,,0
30005019,'1035628',1804,,1469,12,,,0
30005019,'1035630',1723,,1470,12,,,0
30005019,'1035665',708,,1471,12,,,0
30005019,'1035676',1158,,1472,12,,,0
30005019,'1035679',1317,,1473,12,,,0
30005019,'1035685',1358,,1474,12,,,0
30005019,'1035701',1642,,1475,12,,,0
30005019,'1035713',600,,1476,9,,,0
30005019,'1035721',2147,,1477,12,,,0
30005019,'1035727',1926,,1478,12,,,0
30005019,'1035736',2301,,1479,12,,,0
30005019,'1035737',1007,,1480,12,,,0
30005019,'1035739',1520,,1481,12,,,0
