2029,'1033960',1426,,617,5,,,0
2029,'1033963',2205,,619,5,,,0
2029,'1033970',1302,,622,5,,,0
2029,'1033983',2235,,623,5,,,0
2029,'1033989',1924,,624,5,,,0
2029,'1033990',1717,,625,5,,,0
2029,'1034004',1552,,627,5,,,0
2029,'1034028',812,,630,5,,,0
2029,'1034034',1139,,632,5,,,0
2029,'1034044',2305,,633,5,,,0
2029,'1034064',839,,636,5,,,0
2029,'1034145',1200,,650,5,,,0
2029,'1034149',2329,,651,5,,,0
2029,'1034157',1736,,654,5,,,0
2029,'1034163',1530,,656,5,,,0
2029,'1034164',1046,,657,5,,,0
2029,'1034196',1655,,662,5,,,0
2029,'1034202',1945,,663,5,,,0
2029,'1034205',1634,,664,5,,,0
2029,'1034216',1405,,666,5,,,0
2029,'1034218',745,,667,5,,,0
2029,'1034226',1903,,668,5,,,0
2029,'1034227',1220,,669,5,,,0
2029,'1034230',1448,,671,5,,,0
2029,'1034273',2135,,672,5,,,0
2029,'1034278',2104,,673,5,,,0
2029,'1034285',938,,674,5,,,0
2029,'1034295',1113,,675,5,,,0
2029,'1034296',906,,676,5,,,0
2029,'1034297',1821,,677,5,,,0
2029,'1034308',2035,,679,5,,,0
2029,'1034325',1323,,682,5,,,0
2029,'1034326',718,,683,5,,,0
2029,'1034327',2009,,684,5,,,0
2029,'1034343',1009,,685,5,,,0
2029,'1034355',1613,,686,5,,,0
2029,'1034369',1509,,689,5,,,0
2029,'1034386',1241,,692,5,,,0
2029,'1034395',624,,694,5,,,0
2029,'1034414',1344,,696,5,,,0
2029,'1034433',1757,,697,5,,,0
2029,'1034477',1842,,700,5,,,0
2029,'1034864',1757,,1220,2,,,0
2029,'1034865',1241,,1221,2,,,0
2029,'1034869',2127,,1222,2,,,0
2029,'1034872',2230,,1223,2,,,0
2029,'1034876',2148,,1224,2,,,0
2029,'1034877',1557,,1225,2,,,0
2029,'1034882',1305,,1226,2,,,0
2029,'1034883',1129,,1227,2,,,0
2029,'1034893',1153,,1228,2,,,0
2029,'1034899',947,,1229,2,,,0
2029,'1034901',1733,,1230,2,,,0
2029,'1034902',618,,1231,2,,,0
2029,'1034908',1505,,1232,2,,,0
2029,'1034914',1533,,1233,2,,,0
2029,'1034919',1353,,1234,2,,,0
2029,'1034922',813,,1235,2,,,0
2029,'1034926',2251,,1236,2,,,0
2029,'1034929',1417,,1237,2,,,0
2029,'1034933',2106,,1238,2,,,0
2029,'1034938',1217,,1239,2,,,0
2029,'1034940',1441,,1240,2,,,0
2029,'1034944',728,,1241,2,,,0
2029,'1034945',1930,,1242,2,,,0
2029,'1034947',750,,1243,2,,,0
2029,'1034948',2045,,1244,2,,,0
2029,'1034950',1845,,1245,2,,,0
2029,'1034954',1909,,1246,2,,,0
2029,'1034956',1821,,1247,2,,,0
2029,'1034957',1709,,1248,2,,,0
2029,'1034959',1329,,1249,2,,,0
2029,'1034962',2024,,1250,2,,,0
2029,'1034963',704,,1251,2,,,0
2029,'1034964',1645,,1252,2,,,0
2029,'1034965',859,,1253,2,,,0
2029,'1034970',1041,,1254,2,,,0
2029,'1034971',2209,,1255,2,,,0
2029,'1034976',2312,,1256,2,,,0
2029,'1034979',1621,,1257,2,,,0
2029,'1034980',1105,,1258,2,,,0
2029,'1034987',923,,1259,2,,,0
2029,'1034988',835,,1260,2,,,0
