3019,'1034546',1841,,1014,4,,,0
3019,'1034547',1054,,1015,4,,,0
3019,'1034548',800,,1016,4,,,0
3019,'1034549',1400,,1017,4,,,0
3019,'1034551',1228,,1018,4,,,0
3019,'1034552',2040,,1019,4,,,0
3019,'1034553',1732,,1020,4,,,0
3019,'1034554',1202,,1021,4,,,0
3019,'1034555',651,,1022,4,,,0
3019,'1034556',2125,,1023,4,,,0
3019,'1034557',1816,,1024,4,,,0
3019,'1034558',2151,,1025,4,,,0
3019,'1034559',713,,1026,4,,,0
3019,'1034561',1313,,1027,4,,,0
3019,'1034562',2258,,1028,4,,,0
3019,'1034564',625,,1029,4,,,0
3019,'1034565',1446,,1030,4,,,0
3019,'1034569',1621,,1031,4,,,0
3019,'1034570',1536,,1032,4,,,0
3019,'1034571',1513,,1033,4,,,0
3019,'1034572',735,,1034,4,,,0
3019,'1034573',2015,,1035,4,,,0
3019,'1034574',1904,,1036,4,,,0
3019,'1034575',1023,,1037,4,,,0
3019,'1034576',1000,,1038,4,,,0
3019,'1034577',824,,1039,4,,,0
3019,'1034578',935,,1040,4,,,0
3019,'1034579',1134,,1041,4,,,0
3019,'1034580',1422,,1042,4,,,0
3019,'1034581',2404,,1043,4,,,0
3019,'1034583',1646,,1044,4,,,0
3019,'1034584',1600,,1045,4,,,0
3019,'1034585',1248,,1046,4,,,0
3019,'1034586',1337,,1047,4,,,0
3019,'1034587',1755,,1048,4,,,0
3019,'1034589',911,,1049,4,,,0
3019,'1034590',1930,,1050,4,,,0
3019,'1034591',848,,1051,4,,,0
3019,'1034593',1709,,1052,4,,,0
3019,'1035421',1621,,1261,4,,,0
3019,'1035422',1054,,1262,4,,,0
3019,'1035445',935,,1263,4,,,0
3019,'1035471',2015,,1264,4,,,0
3019,'1035486',1023,,1265,4,,,0
3019,'1035504',1422,,1266,4,,,0
3019,'1035508',2125,,1267,4,,,0
3019,'1035514',735,,1268,4,,,0
3019,'1035519',1904,,1269,4,,,0
3019,'1035528',1313,,1270,4,,,0
3019,'1035529',1755,,1271,4,,,0
3019,'1035547',625,,1272,4,,,0
3019,'1035551',1600,,1273,4,,,0
3019,'1035553',2151,,1274,4,,,0
3019,'1035556',1228,,1275,4,,,0
3019,'1035557',848,,1276,4,,,0
3019,'1035563',1202,,1277,4,,,0
3019,'1035580',824,,1278,4,,,0
3019,'1035596',1000,,1279,4,,,0
3019,'1035600',1134,,1280,4,,,0
3019,'1035603',1513,,1281,4,,,0
3019,'1035614',1732,,1282,4,,,0
3019,'1035617',1930,,1283,4,,,0
3019,'1035625',1709,,1284,4,,,0
3019,'1035626',1841,,1285,4,,,0
3019,'1035641',1816,,1286,4,,,0
3019,'1035642',800,,1287,4,,,0
3019,'1035646',2040,,1288,4,,,0
3019,'1035650',1337,,1289,4,,,0
3019,'1035657',1400,,1290,4,,,0
3019,'1035671',2258,,1291,4,,,0
3019,'1035673',2404,,1292,4,,,0
3019,'1035680',1248,,1293,4,,,0
3019,'1035687',1446,,1294,4,,,0
3019,'1035694',1646,,1295,4,,,0
3019,'1035700',911,,1296,4,,,0
3019,'1035724',1536,,1297,4,,,0
3019,'1035738',651,,1298,4,,,0
3019,'1035740',713,,1299,4,,,0
12029,'1033998',1228,,851,11,,,0
12029,'1034029',1612,,852,11,,,0
12029,'1034109',846,,854,11,,,0
12029,'1034290',1332,,860,11,,,0
12029,'1034406',950,,862,11,,,0
12029,'1034408',1054,,863,11,,,0
12029,'1034425',1717,,865,11,,,0
12029,'1034428',1437,,866,11,,,0
12029,'1034701',1847,,1387,6,0,27,0
12029,'1034705',1014,,1391,6,0,27,0
12029,'1034707',1636,,1393,6,0,27,0
12029,'1034708',1225,,1394,6,0,27,0
12029,'1034709',1734,,1395,6,0,27,0
12029,'1034710',803,,1396,6,0,27,0
12029,'1034711',1127,,1397,6,0,27,0
12029,'1034712',1523,,1398,6,0,27,0
12029,'1034713',1916,,1399,6,0,27,0
12029,'1034717',1705,,1403,6,0,27,0
12029,'1034718',1156,,1404,6,0,27,0
12029,'1034719',1043,,1405,6,0,27,0
12029,'1034721',1453,,1407,6,0,27,0
12029,'1034723',1803,,1409,6,0,27,0
12029,'1034726',916,,1412,6,0,27,0
12029,'1034727',1552,,1413,6,0,27,0
12029,'1034730',945,,1416,6,0,27,0
12029,'1034731',847,,1417,6,0,27,0
12029,'1035429',1636,,1418,6,0,27,0
12029,'1035434',1043,,1420,6,0,27,0
12029,'1035474',1523,,1424,6,0,27,0
12029,'1035490',1847,,1426,6,0,27,0
12029,'1035507',916,,1428,6,0,27,0
12029,'1035534',1734,,1431,6,0,27,0
12029,'1035537',1225,,1432,6,0,27,0
12029,'1035567',803,,1434,6,0,27,0
12029,'1035569',1552,,1435,6,0,27,0
12029,'1035570',1014,,1436,6,0,27,0
12029,'1035623',847,,1441,6,0,27,0
12029,'1035651',1453,,1442,6,0,27,0
12029,'1035681',945,,1445,6,0,27,0
12029,'1035692',1803,,1447,6,0,27,0
12029,'1035703',1156,,1449,6,0,27,0
12029,'1035714',1705,,1451,6,0,27,0
12029,'1035719',1916,,1452,6,0,27,0
12029,'1035729',1127,,1453,6,0,27,0
