3029,'1033972',2227,,702,4,,,0
3029,'1034000',837,,704,4,,,0
3029,'1034001',618,,705,4,,,0
3029,'1034002',1414,,706,4,,,0
3029,'1034013',948,,709,4,,,0
3029,'1034021',641,,712,4,,,0
3029,'1034023',1526,,713,4,,,0
3029,'1034026',1328,,714,4,,,0
3029,'1034057',1944,,717,4,,,0
3029,'1034072',2007,,719,4,,,0
3029,'1034083',1832,,721,4,,,0
3029,'1034130',2118,,725,4,,,0
3029,'1034141',1744,,726,4,,,0
3029,'1034174',1612,,729,4,,,0
3029,'1034199',2054,,732,4,,,0
3029,'1034208',1022,,733,4,,,0
3029,'1034223',726,,736,4,,,0
3029,'1034231',703,,737,4,,,0
3029,'1034240',555,,740,4,,,0
3029,'1034266',1807,,744,4,,,0
3029,'1034271',1502,,745,4,,,0
3029,'1034272',814,,746,4,,,0
3029,'1034294',1305,,747,4,,,0
3029,'1034323',1440,,748,4,,,0
3029,'1034329',1130,,749,4,,,0
3029,'1034332',1721,,750,4,,,0
3029,'1034334',1102,,751,4,,,0
3029,'1034337',901,,752,4,,,0
3029,'1034338',925,,753,4,,,0
3029,'1034365',2334,,757,4,,,0
3029,'1034398',750,,761,4,,,0
3029,'1034418',1658,,762,4,,,0
3029,'1034419',1856,,763,4,,,0
3029,'1034420',1241,,764,4,,,0
3029,'1034426',1216,,767,4,,,0
3029,'1034431',1156,,770,4,,,0
3029,'1034448',1350,,773,4,,,0
3029,'1034455',1548,,774,4,,,0
3029,'1034463',1635,,775,4,,,0
3029,'1035424',1658,,1300,4,,,0
3029,'1035433',703,,1301,4,,,0
3029,'1035454',1744,,1302,4,,,0
3029,'1035455',1635,,1303,4,,,0
3029,'1035461',618,,1304,4,,,0
3029,'1035466',750,,1305,4,,,0
3029,'1035467',1502,,1306,4,,,0
3029,'1035469',1440,,1307,4,,,0
3029,'1035480',2227,,1308,4,,,0
3029,'1035487',1350,,1309,4,,,0
3029,'1035499',1807,,1310,4,,,0
3029,'1035510',1944,,1311,4,,,0
3029,'1035516',1241,,1312,4,,,0
3029,'1035522',948,,1313,4,,,0
3029,'1035525',901,,1314,4,,,0
3029,'1035535',1216,,1315,4,,,0
3029,'1035536',555,,1316,4,,,0
3029,'1035562',1130,,1317,4,,,0
3029,'1035574',1305,,1318,4,,,0
3029,'1035577',1328,,1319,4,,,0
3029,'1035592',1721,,1320,4,,,0
3029,'1035597',1548,,1321,4,,,0
3029,'1035608',641,,1322,4,,,0
3029,'1035631',1832,,1323,4,,,0
3029,'1035632',1526,,1324,4,,,0
3029,'1035634',2118,,1325,4,,,0
3029,'1035636',1856,,1326,4,,,0
3029,'1035637',1414,,1327,4,,,0
3029,'1035640',1156,,1328,4,,,0
3029,'1035652',1022,,1329,4,,,0
3029,'1035663',2007,,1330,4,,,0
3029,'1035668',1102,,1331,4,,,0
3029,'1035672',1612,,1332,4,,,0
3029,'1035689',726,,1333,4,,,0
3029,'1035690',837,,1334,4,,,0
3029,'1035691',2334,,1335,4,,,0
3029,'1035716',814,,1336,4,,,0
3029,'1035720',925,,1337,4,,,0
3029,'1035732',2054,,1338,4,,,0
