200005029,'1033993',1428,,927,5,,,0
200005029,'1034008',2328,,929,5,,,0
200005029,'1034016',2251,,930,5,,,0
200005029,'1034041',1149,,931,5,,,0
200005029,'1034055',1228,,932,5,,,0
200005029,'1034086',2018,,935,5,,,0
200005029,'1034093',659,,937,5,,,0
200005029,'1034122',1548,,940,5,,,0
200005029,'1034151',623,,943,5,,,0
200005029,'1034170',1908,,945,5,,,0
200005029,'1034187',2058,,946,5,,,0
200005029,'1034207',1348,,948,5,,,0
200005029,'1034217',811,,950,5,,,0
200005029,'1034224',1708,,951,5,,,0
200005029,'1034289',2405,,957,5,,,0
200005029,'1034293',1308,,958,5,,,0
200005029,'1034306',1748,,959,5,,,0
200005029,'1034314',1508,,960,5,,,0
200005029,'1034317',1001,,961,5,,,0
200005029,'1034331',735,,963,5,,,0
200005029,'1034353',1628,,966,5,,,0
200005029,'1034366',923,,968,5,,,0
200005029,'1034405',1110,,971,5,,,0
200005029,'1034409',2137,,972,5,,,0
200005029,'1034442',1828,,975,5,,,0
200005029,'1034450',847,,976,5,,,0
200005029,'1034457',2214,,978,5,,,0
200005029,'1035430',2018,,1536,5,,,0
200005029,'1035444',1828,,1537,5,,,0
200005029,'1035457',923,,1538,5,,,0
200005029,'1035459',2251,,1539,5,,,0
200005029,'1035462',1708,,1540,5,,,0
200005029,'1035464',2137,,1541,5,,,0
200005029,'1035477',847,,1542,5,,,0
200005029,'1035488',735,,1543,5,,,0
200005029,'1035501',2058,,1544,5,,,0
200005029,'1035517',1348,,1545,5,,,0
200005029,'1035559',1628,,1546,5,,,0
200005029,'1035568',1508,,1547,5,,,0
200005029,'1035579',1308,,1548,5,,,0
200005029,'1035581',1110,,1549,5,,,0
200005029,'1035594',2405,,1551,5,,,0
200005029,'1035595',1748,,1552,5,,,0
200005029,'1035602',623,,1553,5,,,0
200005029,'1035605',1228,,1554,5,,,0
200005029,'1035635',1428,,1555,5,,,0
200005029,'1035639',2214,,1556,5,,,0
200005029,'1035645',1548,,1557,5,,,0
200005029,'1035647',811,,1558,5,,,0
200005029,'1035649',659,,1559,5,,,0
200005029,'1035683',1149,,1560,5,,,0
200005029,'1035725',1908,,1561,5,,,0
200005029,'1035734',2328,,1562,5,,,0
200005029,'1035746',1001,,1563,5,,,0
