200005029,'1033993',1429,,927,6,,,0
200005029,'1034008',2329,,929,6,,,0
200005029,'1034016',2252,,930,6,,,0
200005029,'1034041',1150,,931,6,,,0
200005029,'1034055',1229,,932,6,,,0
200005029,'1034086',2019,,935,6,,,0
200005029,'1034093',700,,937,6,,,0
200005029,'1034122',1549,,940,6,,,0
200005029,'1034151',624,,943,6,,,0
200005029,'1034170',1909,,945,6,,,0
200005029,'1034187',2059,,946,6,,,0
200005029,'1034207',1349,,948,6,,,0
200005029,'1034217',812,,950,6,,,0
200005029,'1034224',1709,,951,6,,,0
200005029,'1034289',2406,,957,6,,,0
200005029,'1034293',1309,,958,6,,,0
200005029,'1034306',1749,,959,6,,,0
200005029,'1034314',1509,,960,6,,,0
200005029,'1034317',1002,,961,6,,,0
200005029,'1034331',736,,963,6,,,0
200005029,'1034353',1629,,966,6,,,0
200005029,'1034366',924,,968,6,,,0
200005029,'1034405',1111,,971,6,,,0
200005029,'1034409',2138,,972,6,,,0
200005029,'1034442',1829,,975,6,,,0
200005029,'1034450',848,,976,6,,,0
200005029,'1034457',2215,,978,6,,,0
200005029,'1035430',2019,,1536,6,,,0
200005029,'1035444',1829,,1537,6,,,0
200005029,'1035457',924,,1538,6,,,0
200005029,'1035459',2252,,1539,6,,,0
200005029,'1035462',1709,,1540,6,,,0
200005029,'1035464',2138,,1541,6,,,0
200005029,'1035477',848,,1542,6,,,0
200005029,'1035488',736,,1543,6,,,0
200005029,'1035501',2059,,1544,6,,,0
200005029,'1035517',1349,,1545,6,,,0
200005029,'1035559',1629,,1546,6,,,0
200005029,'1035568',1509,,1547,6,,,0
200005029,'1035579',1309,,1548,6,,,0
200005029,'1035581',1111,,1549,6,,,0
200005029,'1035594',2406,,1551,6,,,0
200005029,'1035595',1749,,1552,6,,,0
200005029,'1035602',624,,1553,6,,,0
200005029,'1035605',1229,,1554,6,,,0
200005029,'1035635',1429,,1555,6,,,0
200005029,'1035639',2215,,1556,6,,,0
200005029,'1035645',1549,,1557,6,,,0
200005029,'1035647',812,,1558,6,,,0
200005029,'1035649',700,,1559,6,,,0
200005029,'1035683',1150,,1560,6,,,0
200005029,'1035725',1909,,1561,6,,,0
200005029,'1035734',2329,,1562,6,,,0
200005029,'1035746',1002,,1563,6,,,0
