1029,'1033981',2316,,516,5,0,26,0
1029,'1033986',2251,,517,5,0,26,0
1029,'1034005',2159,,519,5,0,26,0
1029,'1034007',701,,520,5,,,0
1029,'1034015',1404,,521,5,0,26,0
1029,'1034017',1156,,522,5,0,26,0
1029,'1034018',727,,523,5,,,0
1029,'1034027',634,,525,5,,,0
1029,'1034039',1842,,526,5,0,26,0
1029,'1034040',1700,,527,5,,,0
1029,'1034045',1313,,529,5,0,26,0
1029,'1034060',1257,,531,5,,,0
1029,'1034069',1000,,534,5,0,26,0
1029,'1034111',1524,,541,5,0,26,0
1029,'1034117',1025,,543,5,0,26,0
1029,'1034132',1452,,545,5,0,26,0
1029,'1034144',2108,,549,5,0,26,0
1029,'1034180',1858,,552,5,0,26,0
1029,'1034183',1722,,554,5,,,0
1029,'1034209',2004,,556,5,0,26,0
1029,'1034212',1914,,557,5,0,26,0
1029,'1034214',1420,,558,5,0,26,0
1029,'1034239',1612,,561,5,,,0
1029,'1034241',1644,,562,5,,,0
1029,'1034243',1436,,563,5,0,26,0
1029,'1034248',822,,564,5,,,0
1029,'1034251',2225,,567,5,0,26,0
1029,'1034261',1048,,568,5,0,26,0
1029,'1034262',859,,569,5,0,26,0
1029,'1034265',1131,,570,5,0,26,0
1029,'1034280',1212,,572,5,0,26,0
1029,'1034292',1110,,576,5,0,26,0
1029,'1034300',541,,577,5,,,0
1029,'1034307',1810,,580,5,,,0
1029,'1034313',1508,,582,5,0,26,0
1029,'1034319',1348,,584,5,0,26,0
1029,'1034346',2052,,589,5,0,26,0
1029,'1034358',939,,590,5,0,26,0
1029,'1034368',2036,,594,5,0,26,0
1029,'1034371',1738,,595,5,,,0
1029,'1034378',1556,,596,5,0,26,0
1029,'1034387',1754,,599,5,,,0
1029,'1034396',1329,,602,5,0,26,0
1029,'1034402',2343,,603,5,0,26,0
1029,'1034416',1227,,606,5,0,26,0
1029,'1034417',2133,,607,5,0,26,0
1029,'1034430',919,,608,5,0,26,0
1029,'1034434',1930,,609,5,0,26,0
1029,'1034444',756,,610,5,,,0
1029,'1034465',1540,,612,5,0,26,0
1029,'1034476',1241,,614,5,,,0
1029,'1034478',1826,,615,5,0,26,0
1029,'1034479',1628,,616,5,,,0
1029,'1035427',2148,,1142,5,0,26,0
1029,'1035432',2210,,1143,5,0,26,0
1029,'1035440',1406,,1144,5,0,26,0
1029,'1035448',1915,,1145,5,0,26,0
1029,'1035453',626,,1146,5,,,0
1029,'1035458',1150,,1147,5,0,26,0
1029,'1035470',1649,,1148,5,,,0
1029,'1035473',1937,,1149,5,0,26,0
1029,'1035478',1308,,1150,5,,,0
1029,'1035482',1719,,1151,5,,,0
1029,'1035483',1550,,1152,5,,,0
1029,'1035497',841,,1153,5,0,26,0
1029,'1035502',1818,,1154,5,,,0
1029,'1035505',716,,1155,5,,,0
1029,'1035509',1620,,1156,5,,,0
1029,'1035512',1058,,1157,5,0,26,0
1029,'1035518',741,,1158,5,,,0
1029,'1035521',2004,,1159,5,0,26,0
1029,'1035550',1341,,1160,5,0,26,0
1029,'1035561',1215,,1161,5,0,26,0
1029,'1035573',1748,,1162,5,,,0
1029,'1035582',806,,1163,5,,,0
1029,'1035586',1524,,1164,5,0,26,0
1029,'1035588',2235,,1165,5,0,26,0
1029,'1035621',2056,,1166,5,0,26,0
1029,'1035648',2123,,1167,5,0,26,0
1029,'1035654',906,,1168,5,0,26,0
1029,'1035682',2322,,1169,5,0,26,0
1029,'1035696',932,,1170,5,0,26,0
1029,'1035698',1500,,1171,5,0,26,0
1029,'1035699',1123,,1172,5,0,26,0
1029,'1035706',1430,,1173,5,0,26,0
1029,'1035707',1243,,1174,5,,,0
1029,'1035708',1845,,1175,5,0,26,0
1029,'1035712',1028,,1176,5,0,26,0
1029,'1035715',540,,1177,5,,,0
1029,'1035745',2257,,1178,5,0,26,0
2019,'1033961',1414,,618,3,,,0
2019,'1033967',1704,,620,3,,,0
2019,'1033968',1827,,621,3,,,0
2019,'1033999',1518,,626,3,,,0
2019,'1034006',1005,,628,3,,,0
2019,'1034011',1539,,629,3,,,0
2019,'1034031',1331,,631,3,,,0
2019,'1034048',2102,,634,3,,,0
2019,'1034049',1229,,635,3,,,0
2019,'1034068',808,,637,3,,,0
2019,'1034071',2331,,638,3,,,0
2019,'1034081',1951,,639,3,,,0
2019,'1034082',647,,640,3,,,0
2019,'1034085',1036,,641,3,,,0
2019,'1034087',933,,642,3,,,0
2019,'1034097',2131,,643,3,,,0
2019,'1034100',1725,,644,3,,,0
2019,'1034113',2352,,645,3,,,0
2019,'1034114',1747,,646,3,,,0
2019,'1034115',1310,,647,3,,,0
2019,'1034125',2202,,648,3,,,0
2019,'1034131',2012,,649,3,,,0
2019,'1034153',2258,,652,3,,,0
2019,'1034155',906,,653,3,,,0
2019,'1034162',741,,655,3,,,0
2019,'1034175',1806,,658,3,,,0
2019,'1034176',1249,,659,3,,,0
2019,'1034186',835,,660,3,,,0
2019,'1034195',1353,,661,3,,,0
2019,'1034206',1435,,665,3,,,0
2019,'1034229',2036,,670,3,,,0
2019,'1034302',1643,,678,3,,,0
2019,'1034322',2231,,680,3,,,0
2019,'1034324',1850,,681,3,,,0
2019,'1034357',1208,,687,3,,,0
2019,'1034361',1142,,688,3,,,0
2019,'1034374',1911,,690,3,,,0
2019,'1034381',1600,,691,3,,,0
2019,'1034389',1622,,693,3,,,0
2019,'1034400',1115,,695,3,,,0
2019,'1034446',1932,,698,3,,,0
2019,'1034461',1456,,699,3,,,0
2019,'1034867',945,,1179,3,,,0
2019,'1034868',2230,,1180,3,,,0
2019,'1034870',811,,1181,3,,,0
2019,'1034871',1731,,1182,3,,,0
2019,'1034874',1507,,1183,3,,,0
2019,'1034878',2330,,1184,3,,,0
2019,'1034879',2209,,1185,3,,,0
2019,'1034881',1239,,1186,3,,,0
2019,'1034886',1439,,1187,3,,,0
2019,'1034889',1009,,1188,3,,,0
2019,'1034891',921,,1189,3,,,0
2019,'1034896',1619,,1190,3,,,0
2019,'1034897',2251,,1191,3,,,0
2019,'1034898',1755,,1192,3,,,0
2019,'1034903',1327,,1193,3,,,0
2019,'1034909',1215,,1194,3,,,0
2019,'1034911',1415,,1195,3,,,0
2019,'1034912',857,,1196,3,,,0
2019,'1034913',1643,,1197,3,,,0
2019,'1034916',1843,,1198,3,,,0
2019,'1034917',1351,,1199,3,,,0
2019,'1034920',1555,,1200,3,,,0
2019,'1034923',1127,,1201,3,,,0
2019,'1034925',1303,,1202,3,,,0
2019,'1034927',640,,1203,3,,,0
2019,'1034935',749,,1204,3,,,0
2019,'1034942',1151,,1205,3,,,0
2019,'1034946',1103,,1206,3,,,0
2019,'1034955',1819,,1207,3,,,0
2019,'1034958',1906,,1208,3,,,0
2019,'1034960',2312,,1209,3,,,0
2019,'1034961',2106,,1210,3,,,0
2019,'1034966',2148,,1211,3,,,0
2019,'1034967',1951,,1212,3,,,0
2019,'1034968',2127,,1213,3,,,0
2019,'1034969',2045,,1214,3,,,0
2019,'1034973',1930,,1215,3,,,0
2019,'1034977',726,,1216,3,,,0
2019,'1034984',1707,,1217,3,,,0
2019,'1034985',1531,,1218,3,,,0
2019,'1034986',835,,1219,3,,,0
