200005029,'1033993',1436,,927,11,,,0
200005029,'1034008',2336,,929,11,,,0
200005029,'1034016',2259,,930,11,,,0
200005029,'1034041',1157,,931,11,,,0
200005029,'1034055',1236,,932,11,,,0
200005029,'1034086',2026,,935,11,,,0
200005029,'1034093',707,,937,11,,,0
200005029,'1034122',1556,,940,11,,,0
200005029,'1034151',631,,943,11,,,0
200005029,'1034170',1916,,945,11,,,0
200005029,'1034187',2106,,946,11,,,0
200005029,'1034207',1356,,948,11,,,0
200005029,'1034217',819,,950,11,,,0
200005029,'1034224',1716,,951,11,,,0
200005029,'1034289',2413,,957,11,,,0
200005029,'1034293',1316,,958,11,,,0
200005029,'1034306',1756,,959,11,,,0
200005029,'1034314',1516,,960,11,,,0
200005029,'1034317',1009,,961,11,,,0
200005029,'1034331',743,,963,11,,,0
200005029,'1034353',1636,,966,11,,,0
200005029,'1034366',931,,968,11,,,0
200005029,'1034405',1118,,971,11,,,0
200005029,'1034409',2145,,972,11,,,0
200005029,'1034442',1836,,975,11,,,0
200005029,'1034450',855,,976,11,,,0
200005029,'1034457',2222,,978,11,,,0
200005029,'1034459',555,,979,1,,,0
200005029,'1035430',2026,,1536,11,,,0
200005029,'1035444',1836,,1537,11,,,0
200005029,'1035457',931,,1538,11,,,0
200005029,'1035459',2259,,1539,11,,,0
200005029,'1035462',1716,,1540,11,,,0
200005029,'1035464',2145,,1541,11,,,0
200005029,'1035477',855,,1542,11,,,0
200005029,'1035488',743,,1543,11,,,0
200005029,'1035501',2106,,1544,11,,,0
200005029,'1035517',1356,,1545,11,,,0
200005029,'1035559',1636,,1546,11,,,0
200005029,'1035568',1516,,1547,11,,,0
200005029,'1035579',1316,,1548,11,,,0
200005029,'1035581',1118,,1549,11,,,0
200005029,'1035591',555,,1550,1,,,0
200005029,'1035594',2413,,1551,11,,,0
200005029,'1035595',1756,,1552,11,,,0
200005029,'1035602',631,,1553,11,,,0
200005029,'1035605',1236,,1554,11,,,0
200005029,'1035635',1436,,1555,11,,,0
200005029,'1035639',2222,,1556,11,,,0
200005029,'1035645',1556,,1557,11,,,0
200005029,'1035647',819,,1558,11,,,0
200005029,'1035649',707,,1559,11,,,0
200005029,'1035683',1157,,1560,11,,,0
200005029,'1035725',1916,,1561,11,,,0
200005029,'1035734',2336,,1562,11,,,0
200005029,'1035746',1009,,1563,11,,,0
