1029,'1033981',2314,,516,3,0,26,0
1029,'1033986',2249,,517,3,0,26,0
1029,'1034005',2157,,519,3,0,26,0
1029,'1034007',659,,520,3,,,0
1029,'1034015',1401,,521,3,0,26,0
1029,'1034017',1153,,522,3,0,26,0
1029,'1034018',725,,523,3,,,0
1029,'1034027',632,,525,3,,,0
1029,'1034039',1840,,526,3,0,26,0
1029,'1034040',1657,,527,3,,,0
1029,'1034045',1310,,529,3,0,26,0
1029,'1034060',1254,,531,3,,,0
1029,'1034069',957,,534,3,0,26,0
1029,'1034111',1521,,541,3,0,26,0
1029,'1034117',1022,,543,3,0,26,0
1029,'1034132',1449,,545,3,0,26,0
1029,'1034144',2106,,549,3,0,26,0
1029,'1034180',1856,,552,3,0,26,0
1029,'1034183',1719,,554,3,,,0
1029,'1034209',2002,,556,3,0,26,0
1029,'1034212',1912,,557,3,0,26,0
1029,'1034214',1417,,558,3,0,26,0
1029,'1034239',1609,,561,3,,,0
1029,'1034241',1641,,562,3,,,0
1029,'1034243',1433,,563,3,0,26,0
1029,'1034248',820,,564,3,,,0
1029,'1034251',2223,,567,3,0,26,0
1029,'1034261',1045,,568,3,0,26,0
1029,'1034262',856,,569,3,0,26,0
1029,'1034265',1128,,570,3,0,26,0
1029,'1034280',1209,,572,3,0,26,0
1029,'1034292',1107,,576,3,0,26,0
1029,'1034300',539,,577,3,,,0
1029,'1034307',1807,,580,3,,,0
1029,'1034313',1505,,582,3,0,26,0
1029,'1034319',1345,,584,3,0,26,0
1029,'1034346',2050,,589,3,0,26,0
1029,'1034358',936,,590,3,0,26,0
1029,'1034368',2034,,594,3,0,26,0
1029,'1034371',1735,,595,3,,,0
1029,'1034378',1553,,596,3,0,26,0
1029,'1034387',1751,,599,3,,,0
1029,'1034396',1326,,602,3,0,26,0
1029,'1034402',2341,,603,3,0,26,0
1029,'1034416',1224,,606,3,0,26,0
1029,'1034417',2131,,607,3,0,26,0
1029,'1034430',916,,608,3,0,26,0
1029,'1034434',1928,,609,3,0,26,0
1029,'1034444',754,,610,3,,,0
1029,'1034465',1537,,612,3,0,26,0
1029,'1034476',1238,,614,3,,,0
1029,'1034478',1824,,615,3,0,26,0
1029,'1034479',1625,,616,3,,,0
1029,'1035427',2146,,1142,3,0,26,0
1029,'1035432',2208,,1143,3,0,26,0
1029,'1035440',1404,,1144,3,0,26,0
1029,'1035448',1913,,1145,3,0,26,0
1029,'1035453',624,,1146,3,,,0
1029,'1035458',1148,,1147,3,0,26,0
1029,'1035470',1647,,1148,3,,,0
1029,'1035473',1935,,1149,3,0,26,0
1029,'1035478',1306,,1150,3,,,0
1029,'1035482',1717,,1151,3,,,0
1029,'1035483',1548,,1152,3,,,0
1029,'1035497',839,,1153,3,0,26,0
1029,'1035502',1816,,1154,3,,,0
1029,'1035505',714,,1155,3,,,0
1029,'1035509',1618,,1156,3,,,0
1029,'1035512',1056,,1157,3,0,26,0
1029,'1035518',739,,1158,3,,,0
1029,'1035521',2002,,1159,3,0,26,0
1029,'1035550',1339,,1160,3,0,26,0
1029,'1035561',1213,,1161,3,0,26,0
1029,'1035573',1746,,1162,3,,,0
1029,'1035582',804,,1163,3,,,0
1029,'1035586',1522,,1164,3,0,26,0
1029,'1035588',2233,,1165,3,0,26,0
1029,'1035621',2054,,1166,3,0,26,0
1029,'1035648',2121,,1167,3,0,26,0
1029,'1035654',904,,1168,3,0,26,0
1029,'1035682',2320,,1169,3,0,26,0
1029,'1035696',930,,1170,3,0,26,0
1029,'1035698',1458,,1171,3,0,26,0
1029,'1035699',1121,,1172,3,0,26,0
1029,'1035706',1428,,1173,3,0,26,0
1029,'1035707',1241,,1174,3,,,0
1029,'1035708',1843,,1175,3,0,26,0
1029,'1035712',1026,,1176,3,0,26,0
1029,'1035715',538,,1177,3,,,0
1029,'1035745',2255,,1178,3,0,26,0
