6029,'1034655',1442,,1067,2,,,0
6029,'1034656',1517,,1068,2,,,0
6029,'1034660',2045,,1072,2,,,0
6029,'1034661',1917,,1073,2,,,0
6029,'1034662',1552,,1074,2,,,0
6029,'1034663',1702,,1075,2,,,0
6029,'1034669',1737,,1081,2,,,0
6029,'1034672',1812,,1084,2,,,0
6029,'1034674',2018,,1086,2,,,0
6029,'1034675',1220,,1087,2,,,0
6029,'1034677',1407,,1089,2,,,0
6029,'1034678',1257,,1090,2,,,0
6029,'1034681',834,,1093,2,,,0
6029,'1034683',1119,,1095,2,,,0
6029,'1034685',1332,,1097,2,,,0
6029,'1034686',1044,,1098,2,,,0
6029,'1034687',1944,,1099,2,,,0
6029,'1034689',1627,,1101,2,,,0
6029,'1034692',939,,1104,2,,,0
