1019,'1033958',2125,,511,1,,,0
1019,'1033964',1601,,512,1,,,0
1019,'1033965',1711,,513,1,,,0
1019,'1033969',1821,,514,1,,,0
1019,'1033974',1639,,515,1,,,0
1019,'1033987',2217,,518,1,,,0
1019,'1034024',656,,524,1,,,0
1019,'1034043',2034,,528,1,,,0
1019,'1034052',1617,,530,1,,,0
1019,'1034065',1027,,532,1,,,0
1019,'1034066',1457,,533,1,,,0
1019,'1034088',1230,,535,1,,,0
1019,'1034095',1129,,536,1,,,0
1019,'1034096',1545,,537,1,,,0
1019,'1034101',1425,,538,1,,,0
1019,'1034105',1048,,539,1,,,0
1019,'1034108',1409,,540,1,,,0
1019,'1034112',1727,,542,1,,,0
1019,'1034124',2002,,544,1,,,0
1019,'1034134',510,,546,1,,,0
1019,'1034139',2059,,547,1,,,0
1019,'1034143',2309,,548,1,,,0
1019,'1034171',603,,550,1,,,0
1019,'1034179',1930,,551,1,,,0
1019,'1034182',2018,,553,1,,,0
1019,'1034191',1337,,555,1,,,0
1019,'1034233',1214,,559,1,,,0
1019,'1034234',630,,560,1,,,0
1019,'1034249',942,,565,1,,,0
1019,'1034250',1655,,566,1,,,0
1019,'1034268',1144,,571,1,,,0
1019,'1034282',818,,573,1,,,0
1019,'1034288',1513,,574,1,,,0
1019,'1034291',1805,,575,1,,,0
1019,'1034303',2151,,578,1,,,0
1019,'1034304',1005,,579,1,,,0
1019,'1034311',2243,,581,1,,,0
1019,'1034315',1441,,583,1,,,0
1019,'1034328',1529,,585,1,,,0
1019,'1034336',1837,,586,1,,,0
1019,'1034340',856,,587,1,,,0
1019,'1034342',1158,,588,1,,,0
1019,'1034362',1321,,591,1,,,0
1019,'1034363',725,,592,1,,,0
1019,'1034364',751,,593,1,,,0
1019,'1034379',1246,,597,1,,,0
1019,'1034385',1853,,598,1,,,0
1019,'1034391',917,,600,1,,,0
1019,'1034394',1305,,601,1,,,0
1019,'1034410',1113,,604,1,,,0
1019,'1034415',1749,,605,1,,,0
1019,'1034462',838,,611,1,,,0
1019,'1034469',1353,,613,1,,,0
1019,'1035428',1450,,1105,1,,,0
1019,'1035437',1208,,1106,1,,,0
1019,'1035441',1356,,1107,1,,,0
1019,'1035442',2118,,1108,1,,,0
1019,'1035443',2051,,1109,1,,,0
1019,'1035447',600,,1110,1,,,0
1019,'1035449',2252,,1111,1,,,0
1019,'1035479',1713,,1112,1,,,0
1019,'1035491',1307,,1113,1,,,0
1019,'1035520',1233,,1114,1,,,0
1019,'1035524',515,,1115,1,,,0
1019,'1035527',1141,,1116,1,,,0
1019,'1035541',1116,,1117,1,,,0
1019,'1035542',1332,,1118,1,,,0
1019,'1035543',2024,,1119,1,,,0
1019,'1035546',1812,,1120,1,,,0
1019,'1035548',1644,,1121,1,,,0
1019,'1035554',2227,,1122,1,,,0
1019,'1035555',1545,,1123,1,,,0
1019,'1035578',740,,1124,1,,,0
1019,'1035583',1743,,1125,1,,,0
1019,'1035590',1515,,1126,1,,,0
1019,'1035593',807,,1127,1,,,0
1019,'1035601',832,,1128,1,,,0
1019,'1035643',2140,,1129,1,,,0
1019,'1035655',1426,,1130,1,,,0
1019,'1035661',650,,1131,1,,,0
1019,'1035664',2205,,1132,1,,,0
1019,'1035674',1049,,1133,1,,,0
1019,'1035684',1024,,1134,1,,,0
1019,'1035702',1906,,1135,1,,,0
1019,'1035710',954,,1136,1,,,0
1019,'1035717',1932,,1137,1,,,0
1019,'1035718',1614,,1138,1,,,0
1019,'1035723',715,,1139,1,,,0
1019,'1035731',858,,1140,1,,,0
1019,'1035733',1842,,1141,1,,,0
1029,'1034007',720,,520,17,4,,0
1029,'1034018',746,,523,17,4,,0
1029,'1034027',653,,525,17,4,,0
1029,'1034040',1722,,527,17,4,,0
1029,'1034060',1318,,531,17,4,,0
1029,'1034183',1744,,554,17,4,,0
1029,'1034239',1634,,561,17,4,,0
1029,'1034241',1706,,562,17,4,,0
1029,'1034248',841,,564,17,4,,0
1029,'1034300',600,,577,17,4,,0
1029,'1034307',1832,,580,17,4,,0
1029,'1034371',1800,,595,17,4,,0
1029,'1034387',1816,,599,17,4,,0
1029,'1034444',815,,610,17,4,,0
1029,'1034476',1302,,614,17,4,,0
1029,'1034479',1650,,616,17,4,,0
1029,'1035453',646,,1146,17,4,,0
1029,'1035470',1710,,1148,17,4,,0
1029,'1035478',1329,,1150,17,4,,0
1029,'1035482',1740,,1151,17,4,,0
1029,'1035483',1611,,1152,17,4,,0
1029,'1035502',1839,,1154,17,4,,0
1029,'1035505',736,,1155,17,4,,0
1029,'1035509',1641,,1156,17,4,,0
1029,'1035518',801,,1158,17,4,,0
1029,'1035573',1809,,1162,17,4,,0
1029,'1035582',826,,1163,17,4,,0
1029,'1035707',1304,,1174,17,4,,0
1029,'1035715',600,,1177,17,4,,0
7029,'1034953',634,,1377,1,,,0
