1029,'1033981',2326,,516,11,0,26,0
1029,'1033986',2301,,517,11,0,26,0
1029,'1034005',2209,,519,11,0,26,0
1029,'1034007',709,,520,11,,,0
1029,'1034015',1415,,521,11,0,26,0
1029,'1034017',1206,,522,11,0,26,0
1029,'1034018',735,,523,11,,,0
1029,'1034027',642,,525,11,,,0
1029,'1034039',1852,,526,11,0,26,0
1029,'1034040',1711,,527,11,,,0
1029,'1034045',1323,,529,11,0,26,0
1029,'1034060',1307,,531,11,,,0
1029,'1034069',1010,,534,11,0,26,0
1029,'1034111',1535,,541,11,0,26,0
1029,'1034117',1035,,543,11,0,26,0
1029,'1034132',1503,,545,11,0,26,0
1029,'1034144',2118,,549,11,0,26,0
1029,'1034180',1908,,552,11,0,26,0
1029,'1034183',1733,,554,11,,,0
1029,'1034209',2014,,556,11,0,26,0
1029,'1034212',1924,,557,11,0,26,0
1029,'1034214',1431,,558,11,0,26,0
1029,'1034239',1623,,561,11,,,0
1029,'1034241',1655,,562,11,,,0
1029,'1034243',1447,,563,11,0,26,0
1029,'1034248',830,,564,11,,,0
1029,'1034251',2235,,567,11,0,26,0
1029,'1034261',1058,,568,11,0,26,0
1029,'1034262',909,,569,11,0,26,0
1029,'1034265',1141,,570,11,0,26,0
1029,'1034280',1222,,572,11,0,26,0
1029,'1034292',1120,,576,11,0,26,0
1029,'1034300',549,,577,11,,,0
1029,'1034307',1821,,580,11,,,0
1029,'1034313',1519,,582,11,0,26,0
1029,'1034319',1359,,584,11,0,26,0
1029,'1034346',2102,,589,11,0,26,0
1029,'1034358',949,,590,11,0,26,0
1029,'1034368',2046,,594,11,0,26,0
1029,'1034371',1749,,595,11,,,0
1029,'1034378',1607,,596,11,0,26,0
1029,'1034387',1805,,599,11,,,0
1029,'1034396',1339,,602,11,0,26,0
1029,'1034402',2353,,603,11,0,26,0
1029,'1034416',1237,,606,11,0,26,0
1029,'1034417',2143,,607,11,0,26,0
1029,'1034430',929,,608,11,0,26,0
1029,'1034434',1940,,609,11,0,26,0
1029,'1034444',804,,610,11,,,0
1029,'1034465',1551,,612,11,0,26,0
1029,'1034476',1251,,614,11,,,0
1029,'1034478',1836,,615,11,0,26,0
1029,'1034479',1639,,616,11,,,0
1029,'1035427',2157,,1142,11,0,26,0
1029,'1035432',2219,,1143,11,0,26,0
1029,'1035440',1415,,1144,11,0,26,0
1029,'1035448',1924,,1145,11,0,26,0
1029,'1035453',634,,1146,11,,,0
1029,'1035458',1159,,1147,11,0,26,0
1029,'1035470',1658,,1148,11,,,0
1029,'1035473',1946,,1149,11,0,26,0
1029,'1035478',1317,,1150,11,,,0
1029,'1035482',1728,,1151,11,,,0
1029,'1035483',1559,,1152,11,,,0
1029,'1035497',850,,1153,11,0,26,0
1029,'1035502',1827,,1154,11,,,0
1029,'1035505',724,,1155,11,,,0
1029,'1035509',1629,,1156,11,,,0
1029,'1035512',1107,,1157,11,0,26,0
1029,'1035518',749,,1158,11,,,0
1029,'1035521',2013,,1159,11,0,26,0
1029,'1035550',1350,,1160,11,0,26,0
1029,'1035561',1224,,1161,11,0,26,0
1029,'1035573',1757,,1162,11,,,0
1029,'1035582',814,,1163,11,,,0
1029,'1035586',1533,,1164,11,0,26,0
1029,'1035588',2244,,1165,11,0,26,0
1029,'1035621',2105,,1166,11,0,26,0
1029,'1035648',2132,,1167,11,0,26,0
1029,'1035654',915,,1168,11,0,26,0
1029,'1035682',2331,,1169,11,0,26,0
1029,'1035696',941,,1170,11,0,26,0
1029,'1035698',1509,,1171,11,0,26,0
1029,'1035699',1132,,1172,11,0,26,0
1029,'1035706',1439,,1173,11,0,26,0
1029,'1035707',1252,,1174,11,,,0
1029,'1035708',1854,,1175,11,0,26,0
1029,'1035712',1037,,1176,11,0,26,0
1029,'1035715',548,,1177,11,,,0
1029,'1035745',2306,,1178,11,0,26,0
