1029,'1033981',2320,,516,7,0,26,0
1029,'1033986',2255,,517,7,0,26,0
1029,'1034005',2203,,519,7,0,26,0
1029,'1034007',704,,520,7,,,0
1029,'1034015',1409,,521,7,0,26,0
1029,'1034017',1200,,522,7,0,26,0
1029,'1034018',730,,523,7,,,0
1029,'1034027',637,,525,7,,,0
1029,'1034039',1846,,526,7,0,26,0
1029,'1034040',1705,,527,7,,,0
1029,'1034045',1317,,529,7,0,26,0
1029,'1034060',1301,,531,7,,,0
1029,'1034069',1004,,534,7,0,26,0
1029,'1034111',1529,,541,7,0,26,0
1029,'1034117',1029,,543,7,0,26,0
1029,'1034132',1457,,545,7,0,26,0
1029,'1034144',2112,,549,7,0,26,0
1029,'1034180',1902,,552,7,0,26,0
1029,'1034183',1727,,554,7,,,0
1029,'1034209',2008,,556,7,0,26,0
1029,'1034212',1918,,557,7,0,26,0
1029,'1034214',1425,,558,7,0,26,0
1029,'1034239',1617,,561,7,,,0
1029,'1034241',1649,,562,7,,,0
1029,'1034243',1441,,563,7,0,26,0
1029,'1034248',825,,564,7,,,0
1029,'1034251',2229,,567,7,0,26,0
1029,'1034261',1052,,568,7,0,26,0
1029,'1034262',903,,569,7,0,26,0
1029,'1034265',1135,,570,7,0,26,0
1029,'1034280',1216,,572,7,0,26,0
1029,'1034292',1114,,576,7,0,26,0
1029,'1034300',544,,577,7,,,0
1029,'1034307',1815,,580,7,,,0
1029,'1034313',1513,,582,7,0,26,0
1029,'1034319',1353,,584,7,0,26,0
1029,'1034346',2056,,589,7,0,26,0
1029,'1034358',943,,590,7,0,26,0
1029,'1034368',2040,,594,7,0,26,0
1029,'1034371',1743,,595,7,,,0
1029,'1034378',1601,,596,7,0,26,0
1029,'1034387',1759,,599,7,,,0
1029,'1034396',1333,,602,7,0,26,0
1029,'1034402',2347,,603,7,0,26,0
1029,'1034416',1231,,606,7,0,26,0
1029,'1034417',2137,,607,7,0,26,0
1029,'1034430',923,,608,7,0,26,0
1029,'1034434',1934,,609,7,0,26,0
1029,'1034444',759,,610,7,,,0
1029,'1034465',1545,,612,7,0,26,0
1029,'1034476',1245,,614,7,,,0
1029,'1034478',1830,,615,7,0,26,0
1029,'1034479',1633,,616,7,,,0
1029,'1035427',2152,,1142,7,0,26,0
1029,'1035432',2214,,1143,7,0,26,0
1029,'1035440',1410,,1144,7,0,26,0
1029,'1035448',1919,,1145,7,0,26,0
1029,'1035453',629,,1146,7,,,0
1029,'1035458',1154,,1147,7,0,26,0
1029,'1035470',1653,,1148,7,,,0
1029,'1035473',1941,,1149,7,0,26,0
1029,'1035478',1312,,1150,7,,,0
1029,'1035482',1723,,1151,7,,,0
1029,'1035483',1554,,1152,7,,,0
1029,'1035497',845,,1153,7,0,26,0
1029,'1035502',1822,,1154,7,,,0
1029,'1035505',719,,1155,7,,,0
1029,'1035509',1624,,1156,7,,,0
1029,'1035512',1102,,1157,7,0,26,0
1029,'1035518',744,,1158,7,,,0
1029,'1035521',2008,,1159,7,0,26,0
1029,'1035550',1345,,1160,7,0,26,0
1029,'1035561',1219,,1161,7,0,26,0
1029,'1035573',1752,,1162,7,,,0
1029,'1035582',809,,1163,7,,,0
1029,'1035586',1528,,1164,7,0,26,0
1029,'1035588',2239,,1165,7,0,26,0
1029,'1035621',2100,,1166,7,0,26,0
1029,'1035648',2127,,1167,7,0,26,0
1029,'1035654',910,,1168,7,0,26,0
1029,'1035682',2326,,1169,7,0,26,0
1029,'1035696',936,,1170,7,0,26,0
1029,'1035698',1504,,1171,7,0,26,0
1029,'1035699',1127,,1172,7,0,26,0
1029,'1035706',1434,,1173,7,0,26,0
1029,'1035707',1247,,1174,7,,,0
1029,'1035708',1849,,1175,7,0,26,0
1029,'1035712',1032,,1176,7,0,26,0
1029,'1035715',543,,1177,7,,,0
1029,'1035745',2301,,1178,7,0,26,0
2019,'1033961',1419,,618,5,,,0
2019,'1033967',1709,,620,5,,,0
2019,'1033968',1832,,621,5,,,0
2019,'1033999',1523,,626,5,,,0
2019,'1034006',1009,,628,5,,,0
2019,'1034011',1544,,629,5,,,0
2019,'1034031',1335,,631,5,,,0
2019,'1034048',2106,,634,5,,,0
2019,'1034049',1233,,635,5,,,0
2019,'1034068',811,,637,5,,,0
2019,'1034071',2335,,638,5,,,0
2019,'1034081',1955,,639,5,,,0
2019,'1034082',650,,640,5,,,0
2019,'1034085',1040,,641,5,,,0
2019,'1034087',937,,642,5,,,0
2019,'1034097',2135,,643,5,,,0
2019,'1034100',1730,,644,5,,,0
2019,'1034113',2356,,645,5,,,0
2019,'1034114',1752,,646,5,,,0
2019,'1034115',1314,,647,5,,,0
2019,'1034125',2206,,648,5,,,0
2019,'1034131',2016,,649,5,,,0
2019,'1034153',2302,,652,5,,,0
2019,'1034155',910,,653,5,,,0
2019,'1034162',744,,655,5,,,0
2019,'1034175',1811,,658,5,,,0
2019,'1034176',1253,,659,5,,,0
2019,'1034186',838,,660,5,,,0
2019,'1034195',1358,,661,5,,,0
2019,'1034206',1440,,665,5,,,0
2019,'1034229',2040,,670,5,,,0
2019,'1034302',1648,,678,5,,,0
2019,'1034322',2235,,680,5,,,0
2019,'1034324',1854,,681,5,,,0
2019,'1034357',1212,,687,5,,,0
2019,'1034361',1146,,688,5,,,0
2019,'1034374',1915,,690,5,,,0
2019,'1034381',1605,,691,5,,,0
2019,'1034389',1627,,693,5,,,0
2019,'1034400',1119,,695,5,,,0
2019,'1034446',1936,,698,5,,,0
2019,'1034461',1501,,699,5,,,0
2019,'1034867',949,,1179,5,,,0
2019,'1034868',2233,,1180,5,,,0
2019,'1034870',814,,1181,5,,,0
2019,'1034871',1735,,1182,5,,,0
2019,'1034874',1511,,1183,5,,,0
2019,'1034878',2333,,1184,5,,,0
2019,'1034879',2212,,1185,5,,,0
2019,'1034881',1243,,1186,5,,,0
2019,'1034886',1443,,1187,5,,,0
2019,'1034889',1013,,1188,5,,,0
2019,'1034891',925,,1189,5,,,0
2019,'1034896',1623,,1190,5,,,0
2019,'1034897',2254,,1191,5,,,0
2019,'1034898',1759,,1192,5,,,0
2019,'1034903',1331,,1193,5,,,0
2019,'1034909',1219,,1194,5,,,0
2019,'1034911',1419,,1195,5,,,0
2019,'1034912',901,,1196,5,,,0
2019,'1034913',1647,,1197,5,,,0
2019,'1034916',1847,,1198,5,,,0
2019,'1034917',1355,,1199,5,,,0
2019,'1034920',1559,,1200,5,,,0
2019,'1034923',1131,,1201,5,,,0
2019,'1034925',1307,,1202,5,,,0
2019,'1034927',643,,1203,5,,,0
2019,'1034935',752,,1204,5,,,0
2019,'1034942',1155,,1205,5,,,0
2019,'1034946',1107,,1206,5,,,0
2019,'1034955',1823,,1207,5,,,0
2019,'1034958',1909,,1208,5,,,0
2019,'1034960',2315,,1209,5,,,0
2019,'1034961',2109,,1210,5,,,0
2019,'1034966',2151,,1211,5,,,0
2019,'1034967',1954,,1212,5,,,0
2019,'1034968',2130,,1213,5,,,0
2019,'1034969',2048,,1214,5,,,0
2019,'1034973',1933,,1215,5,,,0
2019,'1034977',729,,1216,5,,,0
2019,'1034984',1711,,1217,5,,,0
2019,'1034985',1535,,1218,5,,,0
2019,'1034986',839,,1219,5,,,0
4019,'1033979',1009,,779,5,,,0
4019,'1033994',1640,,780,5,,,0
4019,'1034099',1523,,785,5,,,0
4019,'1034154',1722,,788,5,,,0
4019,'1034189',1302,,790,5,,,0
4019,'1034298',1145,,792,5,,,0
4019,'1034382',1436,,794,5,,,0
4019,'1034451',1057,,796,5,,,0
4019,'1034453',921,,797,5,,,0
4019,'1034474',1349,,798,5,,,0
7029,'1034873',1249,,1360,4,,,0
7029,'1034875',1328,,1361,4,,,0
7029,'1034880',827,,1362,4,,,0
7029,'1034887',943,,1363,4,,,0
7029,'1034888',1407,,1364,4,,,0
7029,'1034890',711,,1365,4,,,0
7029,'1034892',1610,,1366,4,,,0
7029,'1034905',2028,,1367,4,,,0
7029,'1034906',1835,,1368,4,,,0
7029,'1034910',1131,,1369,4,,,0
7029,'1034936',1649,,1370,4,,,0
7029,'1034937',1529,,1371,4,,,0
7029,'1034939',904,,1372,4,,,0
7029,'1034941',1450,,1373,4,,,0
7029,'1034949',2103,,1374,4,,,0
7029,'1034951',1726,,1375,4,,,0
7029,'1034952',1953,,1376,4,,,0
7029,'1034974',1210,,1378,4,,,0
7029,'1034978',1022,,1379,4,,,0
7029,'1034981',750,,1380,4,,,0
7029,'1034982',1914,,1381,4,,,0
