3029,'1033972',2241,,702,5,,,0
3029,'1034000',851,,704,5,,,0
3029,'1034001',632,,705,5,,,0
3029,'1034002',1428,,706,5,,,0
3029,'1034013',1002,,709,5,,,0
3029,'1034021',655,,712,5,,,0
3029,'1034023',1540,,713,5,,,0
3029,'1034026',1342,,714,5,,,0
3029,'1034057',1958,,717,5,,,0
3029,'1034072',2021,,719,5,,,0
3029,'1034083',1846,,721,5,,,0
3029,'1034130',2132,,725,5,,,0
3029,'1034141',1758,,726,5,,,0
3029,'1034174',1626,,729,5,,,0
3029,'1034199',2108,,732,5,,,0
3029,'1034208',1036,,733,5,,,0
3029,'1034223',740,,736,5,,,0
3029,'1034231',717,,737,5,,,0
3029,'1034240',609,,740,5,,,0
3029,'1034266',1821,,744,5,,,0
3029,'1034271',1516,,745,5,,,0
3029,'1034272',828,,746,5,,,0
3029,'1034294',1319,,747,5,,,0
3029,'1034323',1454,,748,5,,,0
3029,'1034329',1144,,749,5,,,0
3029,'1034332',1735,,750,5,,,0
3029,'1034334',1116,,751,5,,,0
3029,'1034337',915,,752,5,,,0
3029,'1034338',939,,753,5,,,0
3029,'1034365',2348,,757,5,,,0
3029,'1034398',804,,761,5,,,0
3029,'1034418',1712,,762,5,,,0
3029,'1034419',1910,,763,5,,,0
3029,'1034420',1255,,764,5,,,0
3029,'1034426',1230,,767,5,,,0
3029,'1034431',1210,,770,5,,,0
3029,'1034448',1404,,773,5,,,0
3029,'1034455',1602,,774,5,,,0
3029,'1034463',1649,,775,5,,,0
3029,'1035424',1712,,1300,5,,,0
3029,'1035433',717,,1301,5,,,0
3029,'1035454',1758,,1302,5,,,0
3029,'1035455',1649,,1303,5,,,0
3029,'1035461',632,,1304,5,,,0
3029,'1035466',804,,1305,5,,,0
3029,'1035467',1516,,1306,5,,,0
3029,'1035469',1454,,1307,5,,,0
3029,'1035480',2241,,1308,5,,,0
3029,'1035487',1404,,1309,5,,,0
3029,'1035499',1821,,1310,5,,,0
3029,'1035510',1958,,1311,5,,,0
3029,'1035516',1255,,1312,5,,,0
3029,'1035522',1002,,1313,5,,,0
3029,'1035525',915,,1314,5,,,0
3029,'1035535',1230,,1315,5,,,0
3029,'1035536',609,,1316,5,,,0
3029,'1035562',1144,,1317,5,,,0
3029,'1035574',1319,,1318,5,,,0
3029,'1035577',1342,,1319,5,,,0
3029,'1035592',1735,,1320,5,,,0
3029,'1035597',1602,,1321,5,,,0
3029,'1035608',655,,1322,5,,,0
3029,'1035631',1846,,1323,5,,,0
3029,'1035632',1540,,1324,5,,,0
3029,'1035634',2132,,1325,5,,,0
3029,'1035636',1910,,1326,5,,,0
3029,'1035637',1428,,1327,5,,,0
3029,'1035640',1210,,1328,5,,,0
3029,'1035652',1036,,1329,5,,,0
3029,'1035663',2021,,1330,5,,,0
3029,'1035668',1116,,1331,5,,,0
3029,'1035672',1626,,1332,5,,,0
3029,'1035689',740,,1333,5,,,0
3029,'1035690',851,,1334,5,,,0
3029,'1035691',2348,,1335,5,,,0
3029,'1035716',828,,1336,5,,,0
3029,'1035720',939,,1337,5,,,0
3029,'1035732',2108,,1338,5,,,0
