7029,'1034873',1244,,1360,2,,,0
7029,'1034875',1323,,1361,2,,,0
7029,'1034880',822,,1362,2,,,0
7029,'1034887',938,,1363,2,,,0
7029,'1034888',1402,,1364,2,,,0
7029,'1034890',706,,1365,2,,,0
7029,'1034892',1605,,1366,2,,,0
7029,'1034905',2023,,1367,2,,,0
7029,'1034906',1830,,1368,2,,,0
7029,'1034910',1126,,1369,2,,,0
7029,'1034936',1644,,1370,2,,,0
7029,'1034937',1524,,1371,2,,,0
7029,'1034939',859,,1372,2,,,0
7029,'1034941',1445,,1373,2,,,0
7029,'1034949',2058,,1374,2,,,0
7029,'1034951',1721,,1375,2,,,0
7029,'1034952',1948,,1376,2,,,0
7029,'1034974',1205,,1378,2,,,0
7029,'1034978',1017,,1379,2,,,0
7029,'1034981',745,,1380,2,,,0
7029,'1034982',1909,,1381,2,,,0
