3029,'1033972',2244,,702,8,,,0
3029,'1034000',854,,704,8,,,0
3029,'1034001',635,,705,8,,,0
3029,'1034002',1431,,706,8,,,0
3029,'1034013',1005,,709,8,,,0
3029,'1034021',658,,712,8,,,0
3029,'1034023',1544,,713,8,,,0
3029,'1034026',1345,,714,8,,,0
3029,'1034057',2001,,717,8,,,0
3029,'1034072',2024,,719,8,,,0
3029,'1034083',1849,,721,8,,,0
3029,'1034130',2135,,725,8,,,0
3029,'1034141',1801,,726,8,,,0
3029,'1034174',1630,,729,8,,,0
3029,'1034199',2111,,732,8,,,0
3029,'1034208',1039,,733,8,,,0
3029,'1034223',743,,736,8,,,0
3029,'1034231',720,,737,8,,,0
3029,'1034240',612,,740,8,,,0
3029,'1034266',1824,,744,8,,,0
3029,'1034271',1520,,745,8,,,0
3029,'1034272',831,,746,8,,,0
3029,'1034294',1322,,747,8,,,0
3029,'1034323',1458,,748,8,,,0
3029,'1034329',1147,,749,8,,,0
3029,'1034332',1738,,750,8,,,0
3029,'1034334',1119,,751,8,,,0
3029,'1034337',918,,752,8,,,0
3029,'1034338',942,,753,8,,,0
3029,'1034365',2351,,757,8,,,0
3029,'1034398',807,,761,8,,,0
3029,'1034418',1716,,762,8,,,0
3029,'1034419',1913,,763,8,,,0
3029,'1034420',1258,,764,8,,,0
3029,'1034426',1233,,767,8,,,0
3029,'1034431',1213,,770,8,,,0
3029,'1034448',1407,,773,8,,,0
3029,'1034455',1606,,774,8,,,0
3029,'1034463',1653,,775,8,,,0
3029,'1035424',1716,,1300,8,,,0
3029,'1035433',720,,1301,8,,,0
3029,'1035454',1801,,1302,8,,,0
3029,'1035455',1653,,1303,8,,,0
3029,'1035461',635,,1304,8,,,0
3029,'1035466',807,,1305,8,,,0
3029,'1035467',1520,,1306,8,,,0
3029,'1035469',1458,,1307,8,,,0
3029,'1035480',2244,,1308,8,,,0
3029,'1035487',1407,,1309,8,,,0
3029,'1035499',1824,,1310,8,,,0
3029,'1035510',2001,,1311,8,,,0
3029,'1035516',1258,,1312,8,,,0
3029,'1035522',1005,,1313,8,,,0
3029,'1035525',918,,1314,8,,,0
3029,'1035535',1233,,1315,8,,,0
3029,'1035536',612,,1316,8,,,0
3029,'1035562',1147,,1317,8,,,0
3029,'1035574',1322,,1318,8,,,0
3029,'1035577',1345,,1319,8,,,0
3029,'1035592',1738,,1320,8,,,0
3029,'1035597',1606,,1321,8,,,0
3029,'1035608',658,,1322,8,,,0
3029,'1035631',1849,,1323,8,,,0
3029,'1035632',1544,,1324,8,,,0
3029,'1035634',2135,,1325,8,,,0
3029,'1035636',1913,,1326,8,,,0
3029,'1035637',1431,,1327,8,,,0
3029,'1035640',1213,,1328,8,,,0
3029,'1035652',1039,,1329,8,,,0
3029,'1035663',2024,,1330,8,,,0
3029,'1035668',1119,,1331,8,,,0
3029,'1035672',1630,,1332,8,,,0
3029,'1035689',743,,1333,8,,,0
3029,'1035690',854,,1334,8,,,0
3029,'1035691',2351,,1335,8,,,0
3029,'1035716',831,,1336,8,,,0
3029,'1035720',942,,1337,8,,,0
3029,'1035732',2111,,1338,8,,,0
12029,'1033998',1240,,851,18,,,0
12029,'1034029',1624,,852,18,,,0
12029,'1034109',858,,854,18,,,0
12029,'1034290',1344,,860,18,,,0
12029,'1034406',1002,,862,18,,,0
12029,'1034408',1106,,863,18,,,0
12029,'1034425',1729,,865,18,,,0
12029,'1034428',1449,,866,18,,,0
12029,'1034441',754,,868,7,,,0
12029,'1034696',1750,,1382,7,0,5 20,0
12029,'1034697',1030,,1383,7,0,5 20,0
12029,'1034698',1608,,1384,7,0,5 20,0
12029,'1034699',1143,,1385,7,0,5 20,0
12029,'1034700',903,,1386,7,0,5 20,0
12029,'1034702',1539,,1388,7,0,5 20,0
12029,'1034703',1834,,1389,7,0,5 20,0
12029,'1034704',1510,,1390,7,0,5 20,0
12029,'1034706',1212,,1392,7,0,5 20,0
12029,'1034714',1903,,1400,7,0,5 20,0
12029,'1034715',932,,1401,7,0,5 20,0
12029,'1034716',819,,1402,7,0,5 20,0
12029,'1034720',1721,,1406,7,0,5 20,0
12029,'1034722',1440,,1408,7,0,5 20,0
12029,'1034724',1652,,1410,7,0,5 20,0
12029,'1034725',1114,,1411,7,0,5 20,0
12029,'1034728',750,,1414,7,0,5 20,0
12029,'1034729',1001,,1415,7,0,5 20,0
12029,'1035431',1903,,1419,7,0,5 20,0
12029,'1035438',1721,,1421,7,0,5 20,0
12029,'1035460',1212,,1422,7,0,5 20,0
12029,'1035472',1750,,1423,7,0,5 20,0
12029,'1035489',1510,,1425,7,0,5 20,0
12029,'1035495',1652,,1427,7,0,5 20,0
12029,'1035515',903,,1429,7,0,5 20,0
12029,'1035531',932,,1430,7,0,5 20,0
12029,'1035540',1440,,1433,7,0,5 20,0
12029,'1035613',1143,,1437,7,0,5 20,0
12029,'1035615',1001,,1438,7,0,5 20,0
12029,'1035618',1834,,1439,7,0,5 20,0
12029,'1035619',1608,,1440,7,0,5 20,0
12029,'1035658',1030,,1443,7,0,5 20,0
12029,'1035659',1114,,1444,7,0,5 20,0
12029,'1035688',1539,,1446,7,0,5 20,0
12029,'1035695',750,,1448,7,0,5 20,0
12029,'1035711',819,,1450,7,0,5 20,0
30005029,'1033976',2353,,871,10,,,0
30005029,'1034033',723,,875,10,,,0
30005029,'1034035',757,,876,10,,,0
30005029,'1034067',1414,,881,10,,,0
30005029,'1034076',649,,882,10,,,0
30005029,'1034110',2125,,885,10,,,0
30005029,'1034148',1455,,888,10,,,0
30005029,'1034156',2316,,889,10,,,0
30005029,'1034169',907,,892,10,,,0
30005029,'1034184',2202,,895,10,,,0
30005029,'1034201',1820,,899,10,,,0
30005029,'1034225',1901,,901,10,,,0
30005029,'1034245',1739,,902,10,,,0
30005029,'1034287',943,,905,10,,,0
30005029,'1034350',2239,,907,10,,,0
30005029,'1034352',615,,908,10,,,0
30005029,'1034367',2048,,910,10,,,0
30005029,'1034377',1658,,912,10,,,0
30005029,'1034390',1023,,913,10,,,0
30005029,'1034399',1333,,914,10,,,0
30005029,'1034403',1536,,915,10,,,0
30005029,'1034404',1134,,916,10,,,0
30005029,'1034447',1214,,919,10,,,0
30005029,'1034470',1941,,921,10,,,0
30005029,'1034471',1617,,922,10,,,0
30005029,'1034472',1252,,923,10,,,0
30005029,'1034480',832,,924,10,,,0
30005029,'1035425',1617,,1482,10,,,0
30005029,'1035426',2125,,1483,10,,,0
30005029,'1035468',1455,,1484,10,,,0
30005029,'1035475',1134,,1485,10,,,0
30005029,'1035481',2316,,1486,10,,,0
30005029,'1035484',1739,,1487,10,,,0
30005029,'1035493',2353,,1488,10,,,0
30005029,'1035503',2239,,1489,10,,,0
30005029,'1035511',757,,1490,10,,,0
30005029,'1035513',649,,1491,10,,,0
30005029,'1035544',1333,,1492,10,,,0
30005029,'1035565',2202,,1493,10,,,0
30005029,'1035572',1901,,1494,10,,,0
30005029,'1035575',615,,1495,10,,,0
30005029,'1035598',1658,,1496,10,,,0
30005029,'1035599',907,,1497,10,,,0
30005029,'1035606',1023,,1498,10,,,0
30005029,'1035609',943,,1499,10,,,0
30005029,'1035616',1536,,1500,10,,,0
30005029,'1035638',1214,,1501,10,,,0
30005029,'1035644',1414,,1502,10,,,0
30005029,'1035660',2048,,1503,10,,,0
30005029,'1035704',832,,1504,10,,,0
30005029,'1035726',1941,,1505,10,,,0
30005029,'1035730',1252,,1506,10,,,0
30005029,'1035741',723,,1507,10,,,0
30005029,'1035742',1820,,1508,10,,,0
