200005019,'1033977',1452,,925,10,,,0
200005019,'1033982',832,,926,10,,,0
200005019,'1033995',2122,,928,10,,,0
200005019,'1034075',946,,933,10,,,0
200005019,'1034079',1332,,934,10,,,0
200005019,'1034092',608,,936,10,,,0
200005019,'1034098',1532,,938,10,,,0
200005019,'1034119',1652,,939,10,,,0
200005019,'1034137',1213,,941,10,,,0
200005019,'1034150',1852,,942,10,,,0
200005019,'1034165',2042,,944,10,,,0
200005019,'1034203',1932,,947,10,,,0
200005019,'1034213',756,,949,10,,,0
200005019,'1034236',1025,,952,10,,,0
200005019,'1034256',720,,953,10,,,0
200005019,'1034264',1412,,954,10,,,0
200005019,'1034274',1134,,955,10,,,0
200005019,'1034279',1252,,956,10,,,0
200005019,'1034318',2315,,962,10,,,0
200005019,'1034341',644,,964,10,,,0
200005019,'1034344',2352,,965,10,,,0
200005019,'1034360',1612,,967,10,,,0
200005019,'1034392',1732,,969,10,,,0
200005019,'1034401',1812,,970,10,,,0
200005019,'1034412',2238,,973,10,,,0
200005019,'1034421',908,,974,10,,,0
200005019,'1034456',2201,,977,10,,,0
200005019,'1035452',608,,1509,10,,,0
200005019,'1035456',2315,,1510,10,,,0
200005019,'1035465',1252,,1511,10,,,0
200005019,'1035476',2238,,1512,10,,,0
200005019,'1035492',1332,,1513,10,,,0
200005019,'1035498',2042,,1514,10,,,0
200005019,'1035530',720,,1515,10,,,0
200005019,'1035539',2352,,1516,10,,,0
200005019,'1035576',946,,1517,10,,,0
200005019,'1035587',1852,,1518,10,,,0
200005019,'1035604',1612,,1519,10,,,0
200005019,'1035607',1812,,1520,10,,,0
200005019,'1035610',756,,1521,10,,,0
200005019,'1035620',1732,,1522,10,,,0
200005019,'1035624',832,,1523,10,,,0
200005019,'1035627',2201,,1524,10,,,0
200005019,'1035633',1532,,1525,10,,,0
200005019,'1035662',908,,1526,10,,,0
200005019,'1035667',1134,,1527,10,,,0
200005019,'1035669',1412,,1528,10,,,0
200005019,'1035677',1652,,1529,10,,,0
200005019,'1035686',644,,1530,10,,,0
200005019,'1035697',1213,,1531,10,,,0
200005019,'1035709',2122,,1532,10,,,0
200005019,'1035735',1025,,1533,10,,,0
200005019,'1035743',1452,,1534,10,,,0
200005019,'1035744',1932,,1535,10,,,0
