2019,'1033961',1411,,618,2,,,0
2019,'1033967',1701,,620,2,,,0
2019,'1033968',1824,,621,2,,,0
2019,'1033999',1515,,626,2,,,0
2019,'1034006',1003,,628,2,,,0
2019,'1034011',1536,,629,2,,,0
2019,'1034031',1329,,631,2,,,0
2019,'1034048',2059,,634,2,,,0
2019,'1034049',1227,,635,2,,,0
2019,'1034068',807,,637,2,,,0
2019,'1034071',2329,,638,2,,,0
2019,'1034081',1948,,639,2,,,0
2019,'1034082',646,,640,2,,,0
2019,'1034085',1034,,641,2,,,0
2019,'1034087',931,,642,2,,,0
2019,'1034097',2128,,643,2,,,0
2019,'1034100',1722,,644,2,,,0
2019,'1034113',2350,,645,2,,,0
2019,'1034114',1744,,646,2,,,0
2019,'1034115',1308,,647,2,,,0
2019,'1034125',2159,,648,2,,,0
2019,'1034131',2009,,649,2,,,0
2019,'1034153',2256,,652,2,,,0
2019,'1034155',904,,653,2,,,0
2019,'1034162',740,,655,2,,,0
2019,'1034175',1803,,658,2,,,0
2019,'1034176',1247,,659,2,,,0
2019,'1034186',834,,660,2,,,0
2019,'1034195',1350,,661,2,,,0
2019,'1034206',1432,,665,2,,,0
2019,'1034229',2033,,670,2,,,0
2019,'1034302',1640,,678,2,,,0
2019,'1034322',2229,,680,2,,,0
2019,'1034324',1847,,681,2,,,0
2019,'1034357',1206,,687,2,,,0
2019,'1034361',1140,,688,2,,,0
2019,'1034374',1908,,690,2,,,0
2019,'1034381',1557,,691,2,,,0
2019,'1034389',1619,,693,2,,,0
2019,'1034400',1113,,695,2,,,0
2019,'1034446',1929,,698,2,,,0
2019,'1034461',1453,,699,2,,,0
2019,'1034867',944,,1179,2,,,0
2019,'1034868',2229,,1180,2,,,0
2019,'1034870',810,,1181,2,,,0
2019,'1034871',1730,,1182,2,,,0
2019,'1034874',1506,,1183,2,,,0
2019,'1034878',2329,,1184,2,,,0
2019,'1034879',2208,,1185,2,,,0
2019,'1034881',1238,,1186,2,,,0
2019,'1034886',1438,,1187,2,,,0
2019,'1034889',1008,,1188,2,,,0
2019,'1034891',920,,1189,2,,,0
2019,'1034896',1618,,1190,2,,,0
2019,'1034897',2250,,1191,2,,,0
2019,'1034898',1754,,1192,2,,,0
2019,'1034903',1326,,1193,2,,,0
2019,'1034909',1214,,1194,2,,,0
2019,'1034911',1414,,1195,2,,,0
2019,'1034912',856,,1196,2,,,0
2019,'1034913',1642,,1197,2,,,0
2019,'1034916',1842,,1198,2,,,0
2019,'1034917',1350,,1199,2,,,0
2019,'1034920',1554,,1200,2,,,0
2019,'1034923',1126,,1201,2,,,0
2019,'1034925',1302,,1202,2,,,0
2019,'1034927',639,,1203,2,,,0
2019,'1034935',748,,1204,2,,,0
2019,'1034942',1150,,1205,2,,,0
2019,'1034946',1102,,1206,2,,,0
2019,'1034955',1818,,1207,2,,,0
2019,'1034958',1905,,1208,2,,,0
2019,'1034960',2311,,1209,2,,,0
2019,'1034961',2105,,1210,2,,,0
2019,'1034966',2147,,1211,2,,,0
2019,'1034967',1950,,1212,2,,,0
2019,'1034968',2126,,1213,2,,,0
2019,'1034969',2044,,1214,2,,,0
2019,'1034973',1929,,1215,2,,,0
2019,'1034977',725,,1216,2,,,0
2019,'1034984',1706,,1217,2,,,0
2019,'1034985',1530,,1218,2,,,0
2019,'1034986',834,,1219,2,,,0
4029,'1034046',1500,,782,6,,,0
4029,'1034047',1209,,783,6,,,0
4029,'1034084',1413,,784,6,,,0
4029,'1034136',1033,,786,6,,,0
4029,'1034147',945,,787,6,,,0
4029,'1034177',1326,,789,6,,,0
4029,'1034197',1704,,791,6,,,0
4029,'1034373',1547,,793,6,,,0
4029,'1034436',1121,,795,6,,,0
