1019,'1033958',2138,,511,9,,,0
1019,'1033964',1615,,512,9,,,0
1019,'1033965',1725,,513,9,,,0
1019,'1033969',1834,,514,9,,,0
1019,'1033974',1653,,515,9,,,0
1019,'1033987',2230,,518,9,,,0
1019,'1034024',706,,524,9,,,0
1019,'1034043',2047,,528,9,,,0
1019,'1034052',1631,,530,9,,,0
1019,'1034065',1041,,532,9,,,0
1019,'1034066',1511,,533,9,,,0
1019,'1034088',1244,,535,9,,,0
1019,'1034095',1143,,536,9,,,0
1019,'1034096',1559,,537,9,,,0
1019,'1034101',1439,,538,9,,,0
1019,'1034105',1102,,539,9,,,0
1019,'1034108',1423,,540,9,,,0
1019,'1034112',1741,,542,9,,,0
1019,'1034124',2015,,544,9,,,0
1019,'1034134',520,,546,9,,,0
1019,'1034139',2112,,547,9,,,0
1019,'1034143',2322,,548,9,,,0
1019,'1034171',613,,550,9,,,0
1019,'1034179',1943,,551,9,,,0
1019,'1034182',2031,,553,9,,,0
1019,'1034191',1351,,555,9,,,0
1019,'1034233',1228,,559,9,,,0
1019,'1034234',640,,560,9,,,0
1019,'1034249',956,,565,9,,,0
1019,'1034250',1709,,566,9,,,0
1019,'1034268',1158,,571,9,,,0
1019,'1034282',832,,573,9,,,0
1019,'1034288',1527,,574,9,,,0
1019,'1034291',1818,,575,9,,,0
1019,'1034303',2204,,578,9,,,0
1019,'1034304',1019,,579,9,,,0
1019,'1034311',2256,,581,9,,,0
1019,'1034315',1455,,583,9,,,0
1019,'1034328',1543,,585,9,,,0
1019,'1034336',1850,,586,9,,,0
1019,'1034340',910,,587,9,,,0
1019,'1034342',1212,,588,9,,,0
1019,'1034362',1335,,591,9,,,0
1019,'1034363',735,,592,9,,,0
1019,'1034364',801,,593,9,,,0
1019,'1034379',1300,,597,9,,,0
1019,'1034385',1906,,598,9,,,0
1019,'1034391',931,,600,9,,,0
1019,'1034394',1319,,601,9,,,0
1019,'1034410',1127,,604,9,,,0
1019,'1034415',1802,,605,9,,,0
1019,'1034462',852,,611,9,,,0
1019,'1034469',1407,,613,9,,,0
1019,'1035428',1502,,1105,9,,,0
1019,'1035437',1220,,1106,9,,,0
1019,'1035441',1408,,1107,9,,,0
1019,'1035442',2129,,1108,9,,,0
1019,'1035443',2102,,1109,9,,,0
1019,'1035447',610,,1110,9,,,0
1019,'1035449',2303,,1111,9,,,0
1019,'1035479',1725,,1112,9,,,0
1019,'1035491',1319,,1113,9,,,0
1019,'1035520',1245,,1114,9,,,0
1019,'1035524',525,,1115,9,,,0
1019,'1035527',1153,,1116,9,,,0
1019,'1035541',1128,,1117,9,,,0
1019,'1035542',1344,,1118,9,,,0
1019,'1035543',2035,,1119,9,,,0
1019,'1035546',1823,,1120,9,,,0
1019,'1035548',1656,,1121,9,,,0
1019,'1035554',2238,,1122,9,,,0
1019,'1035555',1557,,1123,9,,,0
1019,'1035578',750,,1124,9,,,0
1019,'1035583',1755,,1125,9,,,0
1019,'1035590',1527,,1126,9,,,0
1019,'1035593',819,,1127,9,,,0
1019,'1035601',844,,1128,9,,,0
1019,'1035643',2151,,1129,9,,,0
1019,'1035655',1438,,1130,9,,,0
1019,'1035661',700,,1131,9,,,0
1019,'1035664',2216,,1132,9,,,0
1019,'1035674',1101,,1133,9,,,0
1019,'1035684',1036,,1134,9,,,0
1019,'1035702',1917,,1135,9,,,0
1019,'1035710',1006,,1136,9,,,0
1019,'1035717',1943,,1137,9,,,0
1019,'1035718',1626,,1138,9,,,0
1019,'1035723',725,,1139,9,,,0
1019,'1035731',910,,1140,9,,,0
1019,'1035733',1853,,1141,9,,,0
