1029,'1033981',2324,,516,9,0,26,0
1029,'1033986',2259,,517,9,0,26,0
1029,'1034005',2207,,519,9,0,26,0
1029,'1034007',707,,520,9,,,0
1029,'1034015',1413,,521,9,0,26,0
1029,'1034017',1204,,522,9,0,26,0
1029,'1034018',733,,523,9,,,0
1029,'1034027',640,,525,9,,,0
1029,'1034039',1850,,526,9,0,26,0
1029,'1034040',1709,,527,9,,,0
1029,'1034045',1321,,529,9,0,26,0
1029,'1034060',1305,,531,9,,,0
1029,'1034069',1008,,534,9,0,26,0
1029,'1034111',1533,,541,9,0,26,0
1029,'1034117',1033,,543,9,0,26,0
1029,'1034132',1501,,545,9,0,26,0
1029,'1034144',2116,,549,9,0,26,0
1029,'1034180',1906,,552,9,0,26,0
1029,'1034183',1731,,554,9,,,0
1029,'1034209',2012,,556,9,0,26,0
1029,'1034212',1922,,557,9,0,26,0
1029,'1034214',1429,,558,9,0,26,0
1029,'1034239',1621,,561,9,,,0
1029,'1034241',1653,,562,9,,,0
1029,'1034243',1445,,563,9,0,26,0
1029,'1034248',828,,564,9,,,0
1029,'1034251',2233,,567,9,0,26,0
1029,'1034261',1056,,568,9,0,26,0
1029,'1034262',907,,569,9,0,26,0
1029,'1034265',1139,,570,9,0,26,0
1029,'1034280',1220,,572,9,0,26,0
1029,'1034292',1118,,576,9,0,26,0
1029,'1034300',547,,577,9,,,0
1029,'1034307',1819,,580,9,,,0
1029,'1034313',1517,,582,9,0,26,0
1029,'1034319',1357,,584,9,0,26,0
1029,'1034346',2100,,589,9,0,26,0
1029,'1034358',947,,590,9,0,26,0
1029,'1034368',2044,,594,9,0,26,0
1029,'1034371',1747,,595,9,,,0
1029,'1034378',1605,,596,9,0,26,0
1029,'1034387',1803,,599,9,,,0
1029,'1034396',1337,,602,9,0,26,0
1029,'1034402',2351,,603,9,0,26,0
1029,'1034416',1235,,606,9,0,26,0
1029,'1034417',2141,,607,9,0,26,0
1029,'1034430',927,,608,9,0,26,0
1029,'1034434',1938,,609,9,0,26,0
1029,'1034444',802,,610,9,,,0
1029,'1034465',1549,,612,9,0,26,0
1029,'1034476',1249,,614,9,,,0
1029,'1034478',1834,,615,9,0,26,0
1029,'1034479',1637,,616,9,,,0
1029,'1035427',2155,,1142,9,0,26,0
1029,'1035432',2217,,1143,9,0,26,0
1029,'1035440',1413,,1144,9,0,26,0
1029,'1035448',1922,,1145,9,0,26,0
1029,'1035453',632,,1146,9,,,0
1029,'1035458',1157,,1147,9,0,26,0
1029,'1035470',1656,,1148,9,,,0
1029,'1035473',1944,,1149,9,0,26,0
1029,'1035478',1315,,1150,9,,,0
1029,'1035482',1726,,1151,9,,,0
1029,'1035483',1557,,1152,9,,,0
1029,'1035497',848,,1153,9,0,26,0
1029,'1035502',1825,,1154,9,,,0
1029,'1035505',722,,1155,9,,,0
1029,'1035509',1627,,1156,9,,,0
1029,'1035512',1105,,1157,9,0,26,0
1029,'1035518',747,,1158,9,,,0
1029,'1035521',2011,,1159,9,0,26,0
1029,'1035550',1348,,1160,9,0,26,0
1029,'1035561',1222,,1161,9,0,26,0
1029,'1035573',1755,,1162,9,,,0
1029,'1035582',812,,1163,9,,,0
1029,'1035586',1531,,1164,9,0,26,0
1029,'1035588',2242,,1165,9,0,26,0
1029,'1035621',2103,,1166,9,0,26,0
1029,'1035648',2130,,1167,9,0,26,0
1029,'1035654',913,,1168,9,0,26,0
1029,'1035682',2329,,1169,9,0,26,0
1029,'1035696',939,,1170,9,0,26,0
1029,'1035698',1507,,1171,9,0,26,0
1029,'1035699',1130,,1172,9,0,26,0
1029,'1035706',1437,,1173,9,0,26,0
1029,'1035707',1250,,1174,9,,,0
1029,'1035708',1852,,1175,9,0,26,0
1029,'1035712',1035,,1176,9,0,26,0
1029,'1035715',546,,1177,9,,,0
1029,'1035745',2304,,1178,9,0,26,0
