200005029,'1033993',1433,,927,7,,,0
200005029,'1034008',2333,,929,7,,,0
200005029,'1034016',2256,,930,7,,,0
200005029,'1034041',1154,,931,7,,,0
200005029,'1034055',1233,,932,7,,,0
200005029,'1034086',2023,,935,7,,,0
200005029,'1034093',704,,937,7,,,0
200005029,'1034122',1553,,940,7,,,0
200005029,'1034151',628,,943,7,,,0
200005029,'1034170',1913,,945,7,,,0
200005029,'1034187',2103,,946,7,,,0
200005029,'1034207',1353,,948,7,,,0
200005029,'1034217',816,,950,7,,,0
200005029,'1034224',1713,,951,7,,,0
200005029,'1034289',2410,,957,7,,,0
200005029,'1034293',1313,,958,7,,,0
200005029,'1034306',1753,,959,7,,,0
200005029,'1034314',1513,,960,7,,,0
200005029,'1034317',1006,,961,7,,,0
200005029,'1034331',740,,963,7,,,0
200005029,'1034353',1633,,966,7,,,0
200005029,'1034366',928,,968,7,,,0
200005029,'1034405',1115,,971,7,,,0
200005029,'1034409',2142,,972,7,,,0
200005029,'1034442',1833,,975,7,,,0
200005029,'1034450',852,,976,7,,,0
200005029,'1034457',2219,,978,7,,,0
200005029,'1035430',2023,,1536,7,,,0
200005029,'1035444',1833,,1537,7,,,0
200005029,'1035457',928,,1538,7,,,0
200005029,'1035459',2256,,1539,7,,,0
200005029,'1035462',1713,,1540,7,,,0
200005029,'1035464',2142,,1541,7,,,0
200005029,'1035477',852,,1542,7,,,0
200005029,'1035488',740,,1543,7,,,0
200005029,'1035501',2103,,1544,7,,,0
200005029,'1035517',1353,,1545,7,,,0
200005029,'1035559',1633,,1546,7,,,0
200005029,'1035568',1513,,1547,7,,,0
200005029,'1035579',1313,,1548,7,,,0
200005029,'1035581',1115,,1549,7,,,0
200005029,'1035594',2410,,1551,7,,,0
200005029,'1035595',1753,,1552,7,,,0
200005029,'1035602',628,,1553,7,,,0
200005029,'1035605',1233,,1554,7,,,0
200005029,'1035635',1433,,1555,7,,,0
200005029,'1035639',2219,,1556,7,,,0
200005029,'1035645',1553,,1557,7,,,0
200005029,'1035647',816,,1558,7,,,0
200005029,'1035649',704,,1559,7,,,0
200005029,'1035683',1154,,1560,7,,,0
200005029,'1035725',1913,,1561,7,,,0
200005029,'1035734',2333,,1562,7,,,0
200005029,'1035746',1006,,1563,7,,,0
