1029,'1035427',2147,,1142,4,0,26,0
1029,'1035432',2209,,1143,4,0,26,0
1029,'1035440',1405,,1144,4,0,26,0
1029,'1035448',1914,,1145,4,0,26,0
1029,'1035453',625,,1146,4,,,0
1029,'1035458',1149,,1147,4,0,26,0
1029,'1035470',1648,,1148,4,,,0
1029,'1035473',1936,,1149,4,0,26,0
1029,'1035478',1307,,1150,4,,,0
1029,'1035482',1718,,1151,4,,,0
1029,'1035483',1549,,1152,4,,,0
1029,'1035497',840,,1153,4,0,26,0
1029,'1035502',1817,,1154,4,,,0
1029,'1035505',715,,1155,4,,,0
1029,'1035509',1619,,1156,4,,,0
1029,'1035512',1057,,1157,4,0,26,0
1029,'1035518',740,,1158,4,,,0
1029,'1035521',2003,,1159,4,0,26,0
1029,'1035550',1340,,1160,4,0,26,0
1029,'1035561',1214,,1161,4,0,26,0
1029,'1035573',1747,,1162,4,,,0
1029,'1035582',805,,1163,4,,,0
1029,'1035586',1523,,1164,4,0,26,0
1029,'1035588',2234,,1165,4,0,26,0
1029,'1035621',2055,,1166,4,0,26,0
1029,'1035648',2122,,1167,4,0,26,0
1029,'1035654',905,,1168,4,0,26,0
1029,'1035682',2321,,1169,4,0,26,0
1029,'1035696',931,,1170,4,0,26,0
1029,'1035698',1459,,1171,4,0,26,0
1029,'1035699',1122,,1172,4,0,26,0
1029,'1035706',1429,,1173,4,0,26,0
1029,'1035707',1242,,1174,4,,,0
1029,'1035708',1844,,1175,4,0,26,0
1029,'1035712',1027,,1176,4,0,26,0
1029,'1035715',539,,1177,4,,,0
1029,'1035745',2256,,1178,4,0,26,0
