2019,'1033961',1427,,618,8,,,0
2019,'1033967',1717,,620,8,,,0
2019,'1033968',1840,,621,8,,,0
2019,'1033999',1531,,626,8,,,0
2019,'1034006',1017,,628,8,,,0
2019,'1034011',1552,,629,8,,,0
2019,'1034031',1343,,631,8,,,0
2019,'1034048',2114,,634,8,,,0
2019,'1034049',1241,,635,8,,,0
2019,'1034068',819,,637,8,,,0
2019,'1034071',2343,,638,8,,,0
2019,'1034081',2003,,639,8,,,0
2019,'1034082',658,,640,8,,,0
2019,'1034085',1048,,641,8,,,0
2019,'1034087',945,,642,8,,,0
2019,'1034097',2143,,643,8,,,0
2019,'1034100',1738,,644,8,,,0
2019,'1034113',2404,,645,8,,,0
2019,'1034114',1800,,646,8,,,0
2019,'1034115',1322,,647,8,,,0
2019,'1034125',2214,,648,8,,,0
2019,'1034131',2024,,649,8,,,0
2019,'1034153',2310,,652,8,,,0
2019,'1034155',918,,653,8,,,0
2019,'1034162',752,,655,8,,,0
2019,'1034175',1819,,658,8,,,0
2019,'1034176',1301,,659,8,,,0
2019,'1034186',846,,660,8,,,0
2019,'1034195',1406,,661,8,,,0
2019,'1034206',1448,,665,8,,,0
2019,'1034229',2048,,670,8,,,0
2019,'1034302',1656,,678,8,,,0
2019,'1034322',2243,,680,8,,,0
2019,'1034324',1902,,681,8,,,0
2019,'1034357',1220,,687,8,,,0
2019,'1034361',1154,,688,8,,,0
2019,'1034374',1923,,690,8,,,0
2019,'1034381',1613,,691,8,,,0
2019,'1034389',1635,,693,8,,,0
2019,'1034400',1127,,695,8,,,0
2019,'1034446',1944,,698,8,,,0
2019,'1034461',1509,,699,8,,,0
2019,'1034867',957,,1179,8,,,0
2019,'1034868',2240,,1180,8,,,0
2019,'1034870',821,,1181,8,,,0
2019,'1034871',1743,,1182,8,,,0
2019,'1034874',1519,,1183,8,,,0
2019,'1034878',2340,,1184,8,,,0
2019,'1034879',2219,,1185,8,,,0
2019,'1034881',1251,,1186,8,,,0
2019,'1034886',1451,,1187,8,,,0
2019,'1034889',1021,,1188,8,,,0
2019,'1034891',933,,1189,8,,,0
2019,'1034896',1631,,1190,8,,,0
2019,'1034897',2301,,1191,8,,,0
2019,'1034898',1807,,1192,8,,,0
2019,'1034903',1339,,1193,8,,,0
2019,'1034909',1227,,1194,8,,,0
2019,'1034911',1427,,1195,8,,,0
2019,'1034912',909,,1196,8,,,0
2019,'1034913',1655,,1197,8,,,0
2019,'1034916',1855,,1198,8,,,0
2019,'1034917',1403,,1199,8,,,0
2019,'1034920',1607,,1200,8,,,0
2019,'1034923',1139,,1201,8,,,0
2019,'1034925',1315,,1202,8,,,0
2019,'1034927',650,,1203,8,,,0
2019,'1034935',759,,1204,8,,,0
2019,'1034942',1203,,1205,8,,,0
2019,'1034946',1115,,1206,8,,,0
2019,'1034955',1831,,1207,8,,,0
2019,'1034958',1916,,1208,8,,,0
2019,'1034960',2322,,1209,8,,,0
2019,'1034961',2116,,1210,8,,,0
2019,'1034966',2158,,1211,8,,,0
2019,'1034967',2001,,1212,8,,,0
2019,'1034968',2137,,1213,8,,,0
2019,'1034969',2055,,1214,8,,,0
2019,'1034973',1940,,1215,8,,,0
2019,'1034977',736,,1216,8,,,0
2019,'1034984',1719,,1217,8,,,0
2019,'1034985',1543,,1218,8,,,0
2019,'1034986',847,,1219,8,,,0
