12029,'1033998',1213,,851,5,,,0
12029,'1034029',1556,,852,5,,,0
12029,'1034109',831,,854,5,,,0
12029,'1034152',1806,,856,5,,,0
12029,'1034290',1317,,860,5,,,0
12029,'1034406',935,,862,5,,,0
12029,'1034408',1039,,863,5,,,0
12029,'1034425',1701,,865,5,,,0
12029,'1034428',1421,,866,5,,,0
200005019,'1033977',1448,,925,7,,,0
200005019,'1033982',829,,926,7,,,0
200005019,'1033995',2118,,928,7,,,0
200005019,'1034075',942,,933,7,,,0
200005019,'1034079',1328,,934,7,,,0
200005019,'1034092',605,,936,7,,,0
200005019,'1034098',1528,,938,7,,,0
200005019,'1034119',1648,,939,7,,,0
200005019,'1034137',1209,,941,7,,,0
200005019,'1034150',1848,,942,7,,,0
200005019,'1034165',2038,,944,7,,,0
200005019,'1034203',1928,,947,7,,,0
200005019,'1034213',753,,949,7,,,0
200005019,'1034236',1021,,952,7,,,0
200005019,'1034256',717,,953,7,,,0
200005019,'1034264',1408,,954,7,,,0
200005019,'1034274',1130,,955,7,,,0
200005019,'1034279',1248,,956,7,,,0
200005019,'1034318',2311,,962,7,,,0
200005019,'1034341',641,,964,7,,,0
200005019,'1034344',2348,,965,7,,,0
200005019,'1034360',1608,,967,7,,,0
200005019,'1034392',1728,,969,7,,,0
200005019,'1034401',1808,,970,7,,,0
200005019,'1034412',2234,,973,7,,,0
200005019,'1034421',905,,974,7,,,0
200005019,'1034456',2157,,977,7,,,0
200005019,'1035452',605,,1509,7,,,0
200005019,'1035456',2311,,1510,7,,,0
200005019,'1035465',1248,,1511,7,,,0
200005019,'1035476',2234,,1512,7,,,0
200005019,'1035492',1328,,1513,7,,,0
200005019,'1035498',2038,,1514,7,,,0
200005019,'1035530',717,,1515,7,,,0
200005019,'1035539',2348,,1516,7,,,0
200005019,'1035576',942,,1517,7,,,0
200005019,'1035587',1848,,1518,7,,,0
200005019,'1035604',1608,,1519,7,,,0
200005019,'1035607',1808,,1520,7,,,0
200005019,'1035610',753,,1521,7,,,0
200005019,'1035620',1728,,1522,7,,,0
200005019,'1035624',829,,1523,7,,,0
200005019,'1035627',2157,,1524,7,,,0
200005019,'1035633',1528,,1525,7,,,0
200005019,'1035662',905,,1526,7,,,0
200005019,'1035667',1130,,1527,7,,,0
200005019,'1035669',1408,,1528,7,,,0
200005019,'1035677',1648,,1529,7,,,0
200005019,'1035686',641,,1530,7,,,0
200005019,'1035697',1209,,1531,7,,,0
200005019,'1035709',2118,,1532,7,,,0
200005019,'1035735',1021,,1533,7,,,0
200005019,'1035743',1448,,1534,7,,,0
200005019,'1035744',1928,,1535,7,,,0
