30005029,'1033976',2342,,871,2,,,0
30005029,'1034033',712,,875,2,,,0
30005029,'1034035',746,,876,2,,,0
30005029,'1034067',1402,,881,2,,,0
30005029,'1034076',638,,882,2,,,0
30005029,'1034110',2114,,885,2,,,0
30005029,'1034148',1443,,888,2,,,0
30005029,'1034156',2305,,889,2,,,0
30005029,'1034169',856,,892,2,,,0
30005029,'1034184',2151,,895,2,,,0
30005029,'1034201',1808,,899,2,,,0
30005029,'1034225',1849,,901,2,,,0
30005029,'1034245',1727,,902,2,,,0
30005029,'1034287',931,,905,2,,,0
30005029,'1034350',2228,,907,2,,,0
30005029,'1034352',604,,908,2,,,0
30005029,'1034367',2037,,910,2,,,0
30005029,'1034377',1646,,912,2,,,0
30005029,'1034390',1011,,913,2,,,0
30005029,'1034399',1321,,914,2,,,0
30005029,'1034403',1524,,915,2,,,0
30005029,'1034404',1122,,916,2,,,0
30005029,'1034447',1202,,919,2,,,0
30005029,'1034470',1930,,921,2,,,0
30005029,'1034471',1605,,922,2,,,0
30005029,'1034472',1240,,923,2,,,0
30005029,'1034480',821,,924,2,,,0
30005029,'1035425',1605,,1482,2,,,0
30005029,'1035426',2114,,1483,2,,,0
30005029,'1035468',1443,,1484,2,,,0
30005029,'1035475',1122,,1485,2,,,0
30005029,'1035481',2305,,1486,2,,,0
30005029,'1035484',1727,,1487,2,,,0
30005029,'1035493',2342,,1488,2,,,0
30005029,'1035503',2228,,1489,2,,,0
30005029,'1035511',746,,1490,2,,,0
30005029,'1035513',638,,1491,2,,,0
30005029,'1035544',1321,,1492,2,,,0
30005029,'1035565',2151,,1493,2,,,0
30005029,'1035572',1849,,1494,2,,,0
30005029,'1035575',604,,1495,2,,,0
30005029,'1035598',1646,,1496,2,,,0
30005029,'1035599',856,,1497,2,,,0
30005029,'1035606',1011,,1498,2,,,0
30005029,'1035609',931,,1499,2,,,0
30005029,'1035616',1524,,1500,2,,,0
30005029,'1035638',1202,,1501,2,,,0
30005029,'1035644',1402,,1502,2,,,0
30005029,'1035660',2037,,1503,2,,,0
30005029,'1035704',821,,1504,2,,,0
30005029,'1035726',1930,,1505,2,,,0
30005029,'1035730',1240,,1506,2,,,0
30005029,'1035741',712,,1507,2,,,0
30005029,'1035742',1808,,1508,2,,,0
