30005029,'1033976',2348,,871,6,,,0
30005029,'1034033',718,,875,6,,,0
30005029,'1034035',752,,876,6,,,0
30005029,'1034067',1409,,881,6,,,0
30005029,'1034076',644,,882,6,,,0
30005029,'1034110',2120,,885,6,,,0
30005029,'1034148',1450,,888,6,,,0
30005029,'1034156',2311,,889,6,,,0
30005029,'1034169',902,,892,6,,,0
30005029,'1034184',2157,,895,6,,,0
30005029,'1034201',1815,,899,6,,,0
30005029,'1034225',1856,,901,6,,,0
30005029,'1034245',1734,,902,6,,,0
30005029,'1034287',938,,905,6,,,0
30005029,'1034350',2234,,907,6,,,0
30005029,'1034352',610,,908,6,,,0
30005029,'1034367',2043,,910,6,,,0
30005029,'1034377',1653,,912,6,,,0
30005029,'1034390',1018,,913,6,,,0
30005029,'1034399',1328,,914,6,,,0
30005029,'1034403',1531,,915,6,,,0
30005029,'1034404',1129,,916,6,,,0
30005029,'1034447',1209,,919,6,,,0
30005029,'1034470',1936,,921,6,,,0
30005029,'1034471',1612,,922,6,,,0
30005029,'1034472',1247,,923,6,,,0
30005029,'1034480',827,,924,6,,,0
30005029,'1035425',1612,,1482,6,,,0
30005029,'1035426',2120,,1483,6,,,0
30005029,'1035468',1450,,1484,6,,,0
30005029,'1035475',1129,,1485,6,,,0
30005029,'1035481',2311,,1486,6,,,0
30005029,'1035484',1734,,1487,6,,,0
30005029,'1035493',2348,,1488,6,,,0
30005029,'1035503',2234,,1489,6,,,0
30005029,'1035511',752,,1490,6,,,0
30005029,'1035513',644,,1491,6,,,0
30005029,'1035544',1328,,1492,6,,,0
30005029,'1035565',2157,,1493,6,,,0
30005029,'1035572',1856,,1494,6,,,0
30005029,'1035575',610,,1495,6,,,0
30005029,'1035598',1653,,1496,6,,,0
30005029,'1035599',902,,1497,6,,,0
30005029,'1035606',1018,,1498,6,,,0
30005029,'1035609',938,,1499,6,,,0
30005029,'1035616',1531,,1500,6,,,0
30005029,'1035638',1209,,1501,6,,,0
30005029,'1035644',1409,,1502,6,,,0
30005029,'1035660',2043,,1503,6,,,0
30005029,'1035704',827,,1504,6,,,0
30005029,'1035726',1936,,1505,6,,,0
30005029,'1035730',1247,,1506,6,,,0
30005029,'1035741',718,,1507,6,,,0
30005029,'1035742',1815,,1508,6,,,0
