200005029,'1033993',1437,,927,12,,,0
200005029,'1034008',2337,,929,12,,,0
200005029,'1034016',2300,,930,12,,,0
200005029,'1034041',1158,,931,12,,,0
200005029,'1034055',1237,,932,12,,,0
200005029,'1034086',2027,,935,12,,,0
200005029,'1034093',708,,937,12,,,0
200005029,'1034122',1557,,940,12,,,0
200005029,'1034151',632,,943,12,,,0
200005029,'1034170',1917,,945,12,,,0
200005029,'1034187',2107,,946,12,,,0
200005029,'1034207',1357,,948,12,,,0
200005029,'1034217',820,,950,12,,,0
200005029,'1034224',1717,,951,12,,,0
200005029,'1034289',2414,,957,12,,,0
200005029,'1034293',1317,,958,12,,,0
200005029,'1034306',1757,,959,12,,,0
200005029,'1034314',1517,,960,12,,,0
200005029,'1034317',1010,,961,12,,,0
200005029,'1034331',744,,963,12,,,0
200005029,'1034353',1637,,966,12,,,0
200005029,'1034366',932,,968,12,,,0
200005029,'1034405',1119,,971,12,,,0
200005029,'1034409',2146,,972,12,,,0
200005029,'1034442',1837,,975,12,,,0
200005029,'1034450',856,,976,12,,,0
200005029,'1034457',2223,,978,12,,,0
200005029,'1034459',556,,979,2,,,0
200005029,'1035430',2027,,1536,12,,,0
200005029,'1035444',1837,,1537,12,,,0
200005029,'1035457',932,,1538,12,,,0
200005029,'1035459',2300,,1539,12,,,0
200005029,'1035462',1717,,1540,12,,,0
200005029,'1035464',2146,,1541,12,,,0
200005029,'1035477',856,,1542,12,,,0
200005029,'1035488',744,,1543,12,,,0
200005029,'1035501',2107,,1544,12,,,0
200005029,'1035517',1357,,1545,12,,,0
200005029,'1035559',1637,,1546,12,,,0
200005029,'1035568',1517,,1547,12,,,0
200005029,'1035579',1317,,1548,12,,,0
200005029,'1035581',1119,,1549,12,,,0
200005029,'1035591',556,,1550,2,,,0
200005029,'1035594',2414,,1551,12,,,0
200005029,'1035595',1757,,1552,12,,,0
200005029,'1035602',632,,1553,12,,,0
200005029,'1035605',1237,,1554,12,,,0
200005029,'1035635',1437,,1555,12,,,0
200005029,'1035639',2223,,1556,12,,,0
200005029,'1035645',1557,,1557,12,,,0
200005029,'1035647',820,,1558,12,,,0
200005029,'1035649',708,,1559,12,,,0
200005029,'1035683',1158,,1560,12,,,0
200005029,'1035725',1917,,1561,12,,,0
200005029,'1035734',2337,,1562,12,,,0
200005029,'1035746',1010,,1563,12,,,0
