2029,'1033960',1441,,617,11,,,0
2029,'1033963',2219,,619,11,,,0
2029,'1033970',1317,,622,11,,,0
2029,'1033983',2249,,623,11,,,0
2029,'1033989',1938,,624,11,,,0
2029,'1033990',1732,,625,11,,,0
2029,'1034004',1607,,627,11,,,0
2029,'1034028',824,,630,11,,,0
2029,'1034034',1154,,632,11,,,0
2029,'1034044',2319,,633,11,,,0
2029,'1034064',854,,636,11,,,0
2029,'1034145',1215,,650,11,,,0
2029,'1034149',2343,,651,11,,,0
2029,'1034157',1751,,654,11,,,0
2029,'1034163',1545,,656,11,,,0
2029,'1034164',1101,,657,11,,,0
2029,'1034196',1710,,662,11,,,0
2029,'1034202',1959,,663,11,,,0
2029,'1034205',1649,,664,11,,,0
2029,'1034216',1420,,666,11,,,0
2029,'1034218',757,,667,11,,,0
2029,'1034226',1917,,668,11,,,0
2029,'1034227',1235,,669,11,,,0
2029,'1034230',1503,,671,11,,,0
2029,'1034273',2149,,672,11,,,0
2029,'1034278',2118,,673,11,,,0
2029,'1034285',953,,674,11,,,0
2029,'1034295',1128,,675,11,,,0
2029,'1034296',921,,676,11,,,0
2029,'1034297',1835,,677,11,,,0
2029,'1034308',2049,,679,11,,,0
2029,'1034325',1338,,682,11,,,0
2029,'1034326',730,,683,11,,,0
2029,'1034327',2023,,684,11,,,0
2029,'1034343',1024,,685,11,,,0
2029,'1034355',1628,,686,11,,,0
2029,'1034369',1524,,689,11,,,0
2029,'1034386',1256,,692,11,,,0
2029,'1034395',636,,694,11,,,0
2029,'1034414',1359,,696,11,,,0
2029,'1034433',1812,,697,11,,,0
2029,'1034477',1856,,700,11,,,0
2029,'1034864',1809,,1220,8,,,0
2029,'1034865',1253,,1221,8,,,0
2029,'1034869',2138,,1222,8,,,0
2029,'1034872',2241,,1223,8,,,0
2029,'1034876',2159,,1224,8,,,0
2029,'1034877',1609,,1225,8,,,0
2029,'1034882',1317,,1226,8,,,0
2029,'1034883',1141,,1227,8,,,0
2029,'1034893',1205,,1228,8,,,0
2029,'1034899',959,,1229,8,,,0
2029,'1034901',1745,,1230,8,,,0
2029,'1034902',629,,1231,8,,,0
2029,'1034908',1521,,1232,8,,,0
2029,'1034914',1545,,1233,8,,,0
2029,'1034919',1405,,1234,8,,,0
2029,'1034922',825,,1235,8,,,0
2029,'1034926',2302,,1236,8,,,0
2029,'1034929',1429,,1237,8,,,0
2029,'1034933',2117,,1238,8,,,0
2029,'1034938',1229,,1239,8,,,0
2029,'1034940',1457,,1240,8,,,0
2029,'1034944',739,,1241,8,,,0
2029,'1034945',1941,,1242,8,,,0
2029,'1034947',801,,1243,8,,,0
2029,'1034948',2056,,1244,8,,,0
2029,'1034950',1856,,1245,8,,,0
2029,'1034954',1920,,1246,8,,,0
2029,'1034956',1833,,1247,8,,,0
2029,'1034957',1721,,1248,8,,,0
2029,'1034959',1341,,1249,8,,,0
2029,'1034962',2035,,1250,8,,,0
2029,'1034963',715,,1251,8,,,0
2029,'1034964',1657,,1252,8,,,0
2029,'1034965',911,,1253,8,,,0
2029,'1034970',1053,,1254,8,,,0
2029,'1034971',2220,,1255,8,,,0
2029,'1034976',2323,,1256,8,,,0
2029,'1034979',1633,,1257,8,,,0
2029,'1034980',1117,,1258,8,,,0
2029,'1034987',935,,1259,8,,,0
2029,'1034988',847,,1260,8,,,0
4029,'1034046',1451,,782,4,,,0
4029,'1034047',1200,,783,4,,,0
4029,'1034084',1404,,784,4,,,0
4029,'1034136',1024,,786,4,,,0
4029,'1034147',936,,787,4,,,0
4029,'1034177',1317,,789,4,,,0
4029,'1034197',1655,,791,4,,,0
4029,'1034373',1538,,793,4,,,0
4029,'1034436',1112,,795,4,,,0
