3029,'1033972',2242,,702,6,,,0
3029,'1034000',852,,704,6,,,0
3029,'1034001',633,,705,6,,,0
3029,'1034002',1429,,706,6,,,0
3029,'1034013',1003,,709,6,,,0
3029,'1034021',656,,712,6,,,0
3029,'1034023',1542,,713,6,,,0
3029,'1034026',1343,,714,6,,,0
3029,'1034057',1959,,717,6,,,0
3029,'1034072',2022,,719,6,,,0
3029,'1034083',1847,,721,6,,,0
3029,'1034130',2133,,725,6,,,0
3029,'1034141',1759,,726,6,,,0
3029,'1034174',1628,,729,6,,,0
3029,'1034199',2109,,732,6,,,0
3029,'1034208',1037,,733,6,,,0
3029,'1034223',741,,736,6,,,0
3029,'1034231',718,,737,6,,,0
3029,'1034240',610,,740,6,,,0
3029,'1034266',1822,,744,6,,,0
3029,'1034271',1518,,745,6,,,0
3029,'1034272',829,,746,6,,,0
3029,'1034294',1320,,747,6,,,0
3029,'1034323',1456,,748,6,,,0
3029,'1034329',1145,,749,6,,,0
3029,'1034332',1736,,750,6,,,0
3029,'1034334',1117,,751,6,,,0
3029,'1034337',916,,752,6,,,0
3029,'1034338',940,,753,6,,,0
3029,'1034365',2349,,757,6,,,0
3029,'1034398',805,,761,6,,,0
3029,'1034418',1714,,762,6,,,0
3029,'1034419',1911,,763,6,,,0
3029,'1034420',1256,,764,6,,,0
3029,'1034426',1231,,767,6,,,0
3029,'1034431',1211,,770,6,,,0
3029,'1034448',1405,,773,6,,,0
3029,'1034455',1604,,774,6,,,0
3029,'1034463',1651,,775,6,,,0
3029,'1035424',1714,,1300,6,,,0
3029,'1035433',718,,1301,6,,,0
3029,'1035454',1759,,1302,6,,,0
3029,'1035455',1651,,1303,6,,,0
3029,'1035461',633,,1304,6,,,0
3029,'1035466',805,,1305,6,,,0
3029,'1035467',1518,,1306,6,,,0
3029,'1035469',1456,,1307,6,,,0
3029,'1035480',2242,,1308,6,,,0
3029,'1035487',1405,,1309,6,,,0
3029,'1035499',1822,,1310,6,,,0
3029,'1035510',1959,,1311,6,,,0
3029,'1035516',1256,,1312,6,,,0
3029,'1035522',1003,,1313,6,,,0
3029,'1035525',916,,1314,6,,,0
3029,'1035535',1231,,1315,6,,,0
3029,'1035536',610,,1316,6,,,0
3029,'1035562',1145,,1317,6,,,0
3029,'1035574',1320,,1318,6,,,0
3029,'1035577',1343,,1319,6,,,0
3029,'1035592',1736,,1320,6,,,0
3029,'1035597',1604,,1321,6,,,0
3029,'1035608',656,,1322,6,,,0
3029,'1035631',1847,,1323,6,,,0
3029,'1035632',1542,,1324,6,,,0
3029,'1035634',2133,,1325,6,,,0
3029,'1035636',1911,,1326,6,,,0
3029,'1035637',1429,,1327,6,,,0
3029,'1035640',1211,,1328,6,,,0
3029,'1035652',1037,,1329,6,,,0
3029,'1035663',2022,,1330,6,,,0
3029,'1035668',1117,,1331,6,,,0
3029,'1035672',1628,,1332,6,,,0
3029,'1035689',741,,1333,6,,,0
3029,'1035690',852,,1334,6,,,0
3029,'1035691',2349,,1335,6,,,0
3029,'1035716',829,,1336,6,,,0
3029,'1035720',940,,1337,6,,,0
3029,'1035732',2109,,1338,6,,,0
