12029,'1033998',1237,,851,16,,,0
12029,'1034029',1621,,852,16,,,0
12029,'1034109',855,,854,16,,,0
12029,'1034290',1341,,860,16,,,0
12029,'1034406',959,,862,16,,,0
12029,'1034408',1103,,863,16,,,0
12029,'1034425',1726,,865,16,,,0
12029,'1034428',1446,,866,16,,,0
12029,'1034441',751,,868,5,,,0
12029,'1034696',1747,,1382,5,0,5 20,0
12029,'1034697',1027,,1383,5,0,5 20,0
12029,'1034698',1605,,1384,5,0,5 20,0
12029,'1034699',1140,,1385,5,0,5 20,0
12029,'1034700',900,,1386,5,0,5 20,0
12029,'1034702',1536,,1388,5,0,5 20,0
12029,'1034703',1831,,1389,5,0,5 20,0
12029,'1034704',1507,,1390,5,0,5 20,0
12029,'1034706',1209,,1392,5,0,5 20,0
12029,'1034714',1900,,1400,5,0,5 20,0
12029,'1034715',929,,1401,5,0,5 20,0
12029,'1034716',816,,1402,5,0,5 20,0
12029,'1034720',1718,,1406,5,0,5 20,0
12029,'1034722',1437,,1408,5,0,5 20,0
12029,'1034724',1649,,1410,5,0,5 20,0
12029,'1034725',1111,,1411,5,0,5 20,0
12029,'1034728',747,,1414,5,0,5 20,0
12029,'1034729',958,,1415,5,0,5 20,0
12029,'1035431',1900,,1419,5,0,5 20,0
12029,'1035438',1718,,1421,5,0,5 20,0
12029,'1035460',1209,,1422,5,0,5 20,0
12029,'1035472',1747,,1423,5,0,5 20,0
12029,'1035489',1507,,1425,5,0,5 20,0
12029,'1035495',1649,,1427,5,0,5 20,0
12029,'1035515',900,,1429,5,0,5 20,0
12029,'1035531',929,,1430,5,0,5 20,0
12029,'1035540',1437,,1433,5,0,5 20,0
12029,'1035613',1140,,1437,5,0,5 20,0
12029,'1035615',958,,1438,5,0,5 20,0
12029,'1035618',1831,,1439,5,0,5 20,0
12029,'1035619',1605,,1440,5,0,5 20,0
12029,'1035658',1027,,1443,5,0,5 20,0
12029,'1035659',1111,,1444,5,0,5 20,0
12029,'1035688',1536,,1446,5,0,5 20,0
12029,'1035695',747,,1448,5,0,5 20,0
12029,'1035711',816,,1450,5,0,5 20,0
