1019,'1033958',2144,,511,13,,,0
1019,'1033964',1621,,512,13,,,0
1019,'1033965',1731,,513,13,,,0
1019,'1033969',1840,,514,13,,,0
1019,'1033974',1659,,515,13,,,0
1019,'1033987',2236,,518,13,,,0
1019,'1034024',712,,524,13,,,0
1019,'1034043',2053,,528,13,,,0
1019,'1034052',1637,,530,13,,,0
1019,'1034065',1047,,532,13,,,0
1019,'1034066',1517,,533,13,,,0
1019,'1034088',1250,,535,13,,,0
1019,'1034095',1149,,536,13,,,0
1019,'1034096',1605,,537,13,,,0
1019,'1034101',1445,,538,13,,,0
1019,'1034105',1108,,539,13,,,0
1019,'1034108',1429,,540,13,,,0
1019,'1034112',1747,,542,13,,,0
1019,'1034124',2021,,544,13,,,0
1019,'1034134',526,,546,13,,,0
1019,'1034139',2118,,547,13,,,0
1019,'1034143',2328,,548,13,,,0
1019,'1034171',619,,550,13,,,0
1019,'1034179',1949,,551,13,,,0
1019,'1034182',2037,,553,13,,,0
1019,'1034191',1357,,555,13,,,0
1019,'1034233',1234,,559,13,,,0
1019,'1034234',646,,560,13,,,0
1019,'1034249',1002,,565,13,,,0
1019,'1034250',1715,,566,13,,,0
1019,'1034268',1204,,571,13,,,0
1019,'1034282',838,,573,13,,,0
1019,'1034288',1533,,574,13,,,0
1019,'1034291',1824,,575,13,,,0
1019,'1034303',2210,,578,13,,,0
1019,'1034304',1025,,579,13,,,0
1019,'1034311',2302,,581,13,,,0
1019,'1034315',1501,,583,13,,,0
1019,'1034328',1549,,585,13,,,0
1019,'1034336',1856,,586,13,,,0
1019,'1034340',916,,587,13,,,0
1019,'1034342',1218,,588,13,,,0
1019,'1034362',1341,,591,13,,,0
1019,'1034363',741,,592,13,,,0
1019,'1034364',807,,593,13,,,0
1019,'1034379',1306,,597,13,,,0
1019,'1034385',1912,,598,13,,,0
1019,'1034391',937,,600,13,,,0
1019,'1034394',1325,,601,13,,,0
1019,'1034410',1133,,604,13,,,0
1019,'1034415',1808,,605,13,,,0
1019,'1034462',858,,611,13,,,0
1019,'1034469',1413,,613,13,,,0
1019,'1035428',1508,,1105,13,,,0
1019,'1035437',1226,,1106,13,,,0
1019,'1035441',1414,,1107,13,,,0
1019,'1035442',2134,,1108,13,,,0
1019,'1035443',2108,,1109,13,,,0
1019,'1035447',615,,1110,13,,,0
1019,'1035449',2308,,1111,13,,,0
1019,'1035479',1731,,1112,13,,,0
1019,'1035491',1325,,1113,13,,,0
1019,'1035520',1251,,1114,13,,,0
1019,'1035524',530,,1115,13,,,0
1019,'1035527',1159,,1116,13,,,0
1019,'1035541',1134,,1117,13,,,0
1019,'1035542',1350,,1118,13,,,0
1019,'1035543',2041,,1119,13,,,0
1019,'1035546',1829,,1120,13,,,0
1019,'1035548',1702,,1121,13,,,0
1019,'1035554',2243,,1122,13,,,0
1019,'1035555',1603,,1123,13,,,0
1019,'1035578',755,,1124,13,,,0
1019,'1035583',1801,,1125,13,,,0
1019,'1035590',1533,,1126,13,,,0
1019,'1035593',825,,1127,13,,,0
1019,'1035601',850,,1128,13,,,0
1019,'1035643',2156,,1129,13,,,0
1019,'1035655',1444,,1130,13,,,0
1019,'1035661',705,,1131,13,,,0
1019,'1035664',2221,,1132,13,,,0
1019,'1035674',1107,,1133,13,,,0
1019,'1035684',1042,,1134,13,,,0
1019,'1035702',1923,,1135,13,,,0
1019,'1035710',1012,,1136,13,,,0
1019,'1035717',1949,,1137,13,,,0
1019,'1035718',1632,,1138,13,,,0
1019,'1035723',730,,1139,13,,,0
1019,'1035731',916,,1140,13,,,0
1019,'1035733',1859,,1141,13,,,0
