7019,'1034866',814,,1339,6,,,0
7019,'1034884',656,,1340,6,,,0
7019,'1034885',1435,,1341,6,,,0
7019,'1034894',735,,1342,6,,,0
7019,'1034895',1938,,1343,6,,,0
7019,'1034900',1234,,1344,6,,,0
7019,'1034904',1636,,1345,6,,,0
7019,'1034907',928,,1346,6,,,0
7019,'1034915',849,,1347,6,,,0
7019,'1034918',1711,,1348,6,,,0
7019,'1034921',1046,,1349,6,,,0
7019,'1034924',1313,,1350,6,,,0
7019,'1034928',1514,,1351,6,,,0
7019,'1034930',1553,,1352,6,,,0
7019,'1034931',1859,,1353,6,,,0
7019,'1034932',1750,,1354,6,,,0
7019,'1034934',1007,,1355,6,,,0
7019,'1034943',2015,,1356,6,,,0
7019,'1034972',2050,,1357,6,,,0
7019,'1034975',1352,,1358,6,,,0
7019,'1034983',1155,,1359,6,,,0
