7019,'1034866',812,,1339,5,,,0
7019,'1034884',654,,1340,5,,,0
7019,'1034885',1433,,1341,5,,,0
7019,'1034894',733,,1342,5,,,0
7019,'1034895',1936,,1343,5,,,0
7019,'1034900',1232,,1344,5,,,0
7019,'1034904',1634,,1345,5,,,0
7019,'1034907',926,,1346,5,,,0
7019,'1034915',847,,1347,5,,,0
7019,'1034918',1709,,1348,5,,,0
7019,'1034921',1044,,1349,5,,,0
7019,'1034924',1311,,1350,5,,,0
7019,'1034928',1512,,1351,5,,,0
7019,'1034930',1551,,1352,5,,,0
7019,'1034931',1857,,1353,5,,,0
7019,'1034932',1748,,1354,5,,,0
7019,'1034934',1005,,1355,5,,,0
7019,'1034943',2013,,1356,5,,,0
7019,'1034972',2048,,1357,5,,,0
7019,'1034975',1350,,1358,5,,,0
7019,'1034983',1153,,1359,5,,,0
