2019,'1033961',1423,,618,7,,,0
2019,'1033967',1713,,620,7,,,0
2019,'1033968',1836,,621,7,,,0
2019,'1033999',1527,,626,7,,,0
2019,'1034006',1013,,628,7,,,0
2019,'1034011',1548,,629,7,,,0
2019,'1034031',1339,,631,7,,,0
2019,'1034048',2110,,634,7,,,0
2019,'1034049',1237,,635,7,,,0
2019,'1034068',815,,637,7,,,0
2019,'1034071',2339,,638,7,,,0
2019,'1034081',1959,,639,7,,,0
2019,'1034082',654,,640,7,,,0
2019,'1034085',1044,,641,7,,,0
2019,'1034087',941,,642,7,,,0
2019,'1034097',2139,,643,7,,,0
2019,'1034100',1734,,644,7,,,0
2019,'1034113',2400,,645,7,,,0
2019,'1034114',1756,,646,7,,,0
2019,'1034115',1318,,647,7,,,0
2019,'1034125',2210,,648,7,,,0
2019,'1034131',2020,,649,7,,,0
2019,'1034153',2306,,652,7,,,0
2019,'1034155',914,,653,7,,,0
2019,'1034162',748,,655,7,,,0
2019,'1034175',1815,,658,7,,,0
2019,'1034176',1257,,659,7,,,0
2019,'1034186',842,,660,7,,,0
2019,'1034195',1402,,661,7,,,0
2019,'1034206',1444,,665,7,,,0
2019,'1034229',2044,,670,7,,,0
2019,'1034302',1652,,678,7,,,0
2019,'1034322',2239,,680,7,,,0
2019,'1034324',1858,,681,7,,,0
2019,'1034357',1216,,687,7,,,0
2019,'1034361',1150,,688,7,,,0
2019,'1034374',1919,,690,7,,,0
2019,'1034381',1609,,691,7,,,0
2019,'1034389',1631,,693,7,,,0
2019,'1034400',1123,,695,7,,,0
2019,'1034446',1940,,698,7,,,0
2019,'1034461',1505,,699,7,,,0
2019,'1034867',953,,1179,7,,,0
2019,'1034868',2237,,1180,7,,,0
2019,'1034870',818,,1181,7,,,0
2019,'1034871',1739,,1182,7,,,0
2019,'1034874',1515,,1183,7,,,0
2019,'1034878',2337,,1184,7,,,0
2019,'1034879',2216,,1185,7,,,0
2019,'1034881',1247,,1186,7,,,0
2019,'1034886',1447,,1187,7,,,0
2019,'1034889',1017,,1188,7,,,0
2019,'1034891',929,,1189,7,,,0
2019,'1034896',1627,,1190,7,,,0
2019,'1034897',2258,,1191,7,,,0
2019,'1034898',1803,,1192,7,,,0
2019,'1034903',1335,,1193,7,,,0
2019,'1034909',1223,,1194,7,,,0
2019,'1034911',1423,,1195,7,,,0
2019,'1034912',905,,1196,7,,,0
2019,'1034913',1651,,1197,7,,,0
2019,'1034916',1851,,1198,7,,,0
2019,'1034917',1359,,1199,7,,,0
2019,'1034920',1603,,1200,7,,,0
2019,'1034923',1135,,1201,7,,,0
2019,'1034925',1311,,1202,7,,,0
2019,'1034927',647,,1203,7,,,0
2019,'1034935',756,,1204,7,,,0
2019,'1034942',1159,,1205,7,,,0
2019,'1034946',1111,,1206,7,,,0
2019,'1034955',1827,,1207,7,,,0
2019,'1034958',1913,,1208,7,,,0
2019,'1034960',2319,,1209,7,,,0
2019,'1034961',2113,,1210,7,,,0
2019,'1034966',2155,,1211,7,,,0
2019,'1034967',1958,,1212,7,,,0
2019,'1034968',2134,,1213,7,,,0
2019,'1034969',2052,,1214,7,,,0
2019,'1034973',1937,,1215,7,,,0
2019,'1034977',733,,1216,7,,,0
2019,'1034984',1715,,1217,7,,,0
2019,'1034985',1539,,1218,7,,,0
2019,'1034986',843,,1219,7,,,0
