3019,'1034546',1839,,1014,3,,,0
3019,'1034547',1052,,1015,3,,,0
3019,'1034548',758,,1016,3,,,0
3019,'1034549',1358,,1017,3,,,0
3019,'1034551',1226,,1018,3,,,0
3019,'1034552',2038,,1019,3,,,0
3019,'1034553',1730,,1020,3,,,0
3019,'1034554',1200,,1021,3,,,0
3019,'1034555',649,,1022,3,,,0
3019,'1034556',2123,,1023,3,,,0
3019,'1034557',1814,,1024,3,,,0
3019,'1034558',2149,,1025,3,,,0
3019,'1034559',711,,1026,3,,,0
3019,'1034561',1311,,1027,3,,,0
3019,'1034562',2256,,1028,3,,,0
3019,'1034564',623,,1029,3,,,0
3019,'1034565',1444,,1030,3,,,0
3019,'1034569',1619,,1031,3,,,0
3019,'1034570',1534,,1032,3,,,0
3019,'1034571',1511,,1033,3,,,0
3019,'1034572',733,,1034,3,,,0
3019,'1034573',2013,,1035,3,,,0
3019,'1034574',1902,,1036,3,,,0
3019,'1034575',1021,,1037,3,,,0
3019,'1034576',958,,1038,3,,,0
3019,'1034577',822,,1039,3,,,0
3019,'1034578',933,,1040,3,,,0
3019,'1034579',1132,,1041,3,,,0
3019,'1034580',1420,,1042,3,,,0
3019,'1034581',2402,,1043,3,,,0
3019,'1034583',1644,,1044,3,,,0
3019,'1034584',1558,,1045,3,,,0
3019,'1034585',1246,,1046,3,,,0
3019,'1034586',1335,,1047,3,,,0
3019,'1034587',1753,,1048,3,,,0
3019,'1034589',909,,1049,3,,,0
3019,'1034590',1928,,1050,3,,,0
3019,'1034591',846,,1051,3,,,0
3019,'1034593',1707,,1052,3,,,0
3019,'1035421',1619,,1261,3,,,0
3019,'1035422',1052,,1262,3,,,0
3019,'1035445',933,,1263,3,,,0
3019,'1035471',2013,,1264,3,,,0
3019,'1035486',1021,,1265,3,,,0
3019,'1035504',1420,,1266,3,,,0
3019,'1035508',2123,,1267,3,,,0
3019,'1035514',733,,1268,3,,,0
3019,'1035519',1902,,1269,3,,,0
3019,'1035528',1311,,1270,3,,,0
3019,'1035529',1753,,1271,3,,,0
3019,'1035547',623,,1272,3,,,0
3019,'1035551',1558,,1273,3,,,0
3019,'1035553',2149,,1274,3,,,0
3019,'1035556',1226,,1275,3,,,0
3019,'1035557',846,,1276,3,,,0
3019,'1035563',1200,,1277,3,,,0
3019,'1035580',822,,1278,3,,,0
3019,'1035596',958,,1279,3,,,0
3019,'1035600',1132,,1280,3,,,0
3019,'1035603',1511,,1281,3,,,0
3019,'1035614',1730,,1282,3,,,0
3019,'1035617',1928,,1283,3,,,0
3019,'1035625',1707,,1284,3,,,0
3019,'1035626',1839,,1285,3,,,0
3019,'1035641',1814,,1286,3,,,0
3019,'1035642',758,,1287,3,,,0
3019,'1035646',2038,,1288,3,,,0
3019,'1035650',1335,,1289,3,,,0
3019,'1035657',1358,,1290,3,,,0
3019,'1035671',2256,,1291,3,,,0
3019,'1035673',2402,,1292,3,,,0
3019,'1035680',1246,,1293,3,,,0
3019,'1035687',1444,,1294,3,,,0
3019,'1035694',1644,,1295,3,,,0
3019,'1035700',909,,1296,3,,,0
3019,'1035724',1534,,1297,3,,,0
3019,'1035738',649,,1298,3,,,0
3019,'1035740',711,,1299,3,,,0
12029,'1033998',1226,,851,10,,,0
12029,'1034029',1610,,852,10,,,0
12029,'1034109',844,,854,10,,,0
12029,'1034290',1330,,860,10,,,0
12029,'1034406',948,,862,10,,,0
12029,'1034408',1052,,863,10,,,0
12029,'1034425',1715,,865,10,,,0
12029,'1034428',1435,,866,10,,,0
12029,'1034701',1845,,1387,5,0,27,0
12029,'1034705',1012,,1391,5,0,27,0
12029,'1034707',1634,,1393,5,0,27,0
12029,'1034708',1223,,1394,5,0,27,0
12029,'1034709',1732,,1395,5,0,27,0
12029,'1034710',801,,1396,5,0,27,0
12029,'1034711',1125,,1397,5,0,27,0
12029,'1034712',1521,,1398,5,0,27,0
12029,'1034713',1914,,1399,5,0,27,0
12029,'1034717',1703,,1403,5,0,27,0
12029,'1034718',1154,,1404,5,0,27,0
12029,'1034719',1041,,1405,5,0,27,0
12029,'1034721',1451,,1407,5,0,27,0
12029,'1034723',1801,,1409,5,0,27,0
12029,'1034726',914,,1412,5,0,27,0
12029,'1034727',1550,,1413,5,0,27,0
12029,'1034730',943,,1416,5,0,27,0
12029,'1034731',845,,1417,5,0,27,0
12029,'1035429',1634,,1418,5,0,27,0
12029,'1035434',1041,,1420,5,0,27,0
12029,'1035474',1521,,1424,5,0,27,0
12029,'1035490',1845,,1426,5,0,27,0
12029,'1035507',914,,1428,5,0,27,0
12029,'1035534',1732,,1431,5,0,27,0
12029,'1035537',1223,,1432,5,0,27,0
12029,'1035567',801,,1434,5,0,27,0
12029,'1035569',1550,,1435,5,0,27,0
12029,'1035570',1012,,1436,5,0,27,0
12029,'1035623',845,,1441,5,0,27,0
12029,'1035651',1451,,1442,5,0,27,0
12029,'1035681',943,,1445,5,0,27,0
12029,'1035692',1801,,1447,5,0,27,0
12029,'1035703',1154,,1449,5,0,27,0
12029,'1035714',1703,,1451,5,0,27,0
12029,'1035719',1914,,1452,5,0,27,0
12029,'1035729',1125,,1453,5,0,27,0
30005019,'1033957',1633,,870,4,,,0
30005019,'1033988',2253,,872,4,,,0
30005019,'1033996',2139,,873,4,,,0
30005019,'1033997',2102,,874,4,,,0
30005019,'1034038',1511,,877,4,,,0
30005019,'1034053',919,,878,4,,,0
30005019,'1034054',809,,879,4,,,0
30005019,'1034061',1430,,880,4,,,0
30005019,'1034077',734,,883,4,,,0
30005019,'1034091',1836,,884,4,,,0
30005019,'1034127',1149,,886,4,,,0
30005019,'1034138',2407,,887,4,,,0
30005019,'1034166',1714,,890,4,,,0
30005019,'1034167',2216,,891,4,,,0
30005019,'1034172',1552,,893,4,,,0
30005019,'1034173',1349,,894,4,,,0
30005019,'1034193',1755,,896,4,,,0
30005019,'1034198',626,,897,4,,,0
30005019,'1034200',700,,898,4,,,0
30005019,'1034204',1308,,900,4,,,0
30005019,'1034253',552,,903,1,,,0
30005019,'1034284',2025,,904,4,,,0
30005019,'1034333',1227,,906,4,,,0
30005019,'1034356',1109,,909,4,,,0
30005019,'1034375',2330,,911,4,,,0
30005019,'1034413',844,,917,4,,,0
30005019,'1034445',958,,918,4,,,0
30005019,'1034464',1917,,920,4,,,0
30005019,'1035435',809,,1454,4,,,0
30005019,'1035446',919,,1455,4,,,0
30005019,'1035485',626,,1456,4,,,0
30005019,'1035500',734,,1457,4,,,0
30005019,'1035523',2330,,1458,4,,,0
30005019,'1035526',2025,,1459,4,,,0
30005019,'1035533',1227,,1460,4,,,0
30005019,'1035552',1109,,1461,4,,,0
30005019,'1035558',2216,,1462,4,,,0
30005019,'1035560',1836,,1463,4,,,0
30005019,'1035564',1552,,1464,4,,,0
30005019,'1035566',1430,,1465,4,,,0
30005019,'1035571',2102,,1466,4,,,0
30005019,'1035584',2407,,1467,4,,,0
30005019,'1035622',844,,1468,4,,,0
30005019,'1035628',1755,,1469,4,,,0
30005019,'1035630',1714,,1470,4,,,0
30005019,'1035665',700,,1471,4,,,0
30005019,'1035676',1149,,1472,4,,,0
30005019,'1035679',1308,,1473,4,,,0
30005019,'1035685',1349,,1474,4,,,0
30005019,'1035701',1633,,1475,4,,,0
30005019,'1035713',552,,1476,1,,,0
30005019,'1035721',2139,,1477,4,,,0
30005019,'1035727',1917,,1478,4,,,0
30005019,'1035736',2253,,1479,4,,,0
30005019,'1035737',958,,1480,4,,,0
30005019,'1035739',1511,,1481,4,,,0
