30005019,'1033957',1645,,870,15,4,,0
30005019,'1033988',2304,,872,15,4,,0
30005019,'1033996',2150,,873,15,4,,0
30005019,'1033997',2113,,874,15,4,,0
30005019,'1034038',1523,,877,15,4,,0
30005019,'1034053',930,,878,15,4,,0
30005019,'1034054',820,,879,15,4,,0
30005019,'1034061',1442,,880,15,4,,0
30005019,'1034077',745,,883,15,4,,0
30005019,'1034091',1848,,884,15,4,,0
30005019,'1034127',1201,,886,15,4,,0
30005019,'1034166',1726,,890,15,4,,0
30005019,'1034167',2227,,891,15,4,,0
30005019,'1034172',1604,,893,15,4,,0
30005019,'1034173',1401,,894,15,4,,0
30005019,'1034193',1807,,896,15,4,,0
30005019,'1034198',637,,897,15,4,,0
30005019,'1034200',711,,898,15,4,,0
30005019,'1034204',1320,,900,15,4,,0
30005019,'1034253',603,,903,12,4,,0
30005019,'1034284',2036,,904,15,4,,0
30005019,'1034333',1239,,906,15,4,,0
30005019,'1034356',1121,,909,15,4,,0
30005019,'1034375',2341,,911,15,4,,0
30005019,'1034413',855,,917,15,4,,0
30005019,'1034445',1010,,918,15,4,,0
30005019,'1034464',1929,,920,15,4,,0
30005019,'1035435',820,,1454,15,4,,0
30005019,'1035446',930,,1455,15,4,,0
30005019,'1035485',637,,1456,15,4,,0
30005019,'1035500',745,,1457,15,4,,0
30005019,'1035523',2341,,1458,15,4,,0
30005019,'1035526',2036,,1459,15,4,,0
30005019,'1035533',1239,,1460,15,4,,0
30005019,'1035552',1121,,1461,15,4,,0
30005019,'1035558',2227,,1462,15,4,,0
30005019,'1035560',1848,,1463,15,4,,0
30005019,'1035564',1604,,1464,15,4,,0
30005019,'1035566',1442,,1465,15,4,,0
30005019,'1035571',2113,,1466,15,4,,0
30005019,'1035622',855,,1468,15,4,,0
30005019,'1035628',1807,,1469,15,4,,0
30005019,'1035630',1726,,1470,15,4,,0
30005019,'1035665',711,,1471,15,4,,0
30005019,'1035676',1201,,1472,15,4,,0
30005019,'1035679',1320,,1473,15,4,,0
30005019,'1035685',1401,,1474,15,4,,0
30005019,'1035701',1645,,1475,15,4,,0
30005019,'1035713',603,,1476,12,4,,0
30005019,'1035721',2150,,1477,15,4,,0
30005019,'1035727',1929,,1478,15,4,,0
30005019,'1035736',2304,,1479,15,4,,0
30005019,'1035737',1010,,1480,15,4,,0
30005019,'1035739',1523,,1481,15,4,,0
30005029,'1033976',2341,,871,1,,,0
30005029,'1034033',711,,875,1,,,0
30005029,'1034035',745,,876,1,,,0
30005029,'1034067',1401,,881,1,,,0
30005029,'1034076',637,,882,1,,,0
30005029,'1034110',2113,,885,1,,,0
30005029,'1034148',1442,,888,1,,,0
30005029,'1034156',2304,,889,1,,,0
30005029,'1034169',855,,892,1,,,0
30005029,'1034184',2150,,895,1,,,0
30005029,'1034201',1807,,899,1,,,0
30005029,'1034225',1848,,901,1,,,0
30005029,'1034245',1726,,902,1,,,0
30005029,'1034287',930,,905,1,,,0
30005029,'1034350',2227,,907,1,,,0
30005029,'1034352',603,,908,1,,,0
30005029,'1034367',2036,,910,1,,,0
30005029,'1034377',1645,,912,1,,,0
30005029,'1034390',1010,,913,1,,,0
30005029,'1034399',1320,,914,1,,,0
30005029,'1034403',1523,,915,1,,,0
30005029,'1034404',1121,,916,1,,,0
30005029,'1034447',1201,,919,1,,,0
30005029,'1034470',1929,,921,1,,,0
30005029,'1034471',1604,,922,1,,,0
30005029,'1034472',1239,,923,1,,,0
30005029,'1034480',820,,924,1,,,0
30005029,'1035425',1604,,1482,1,,,0
30005029,'1035426',2113,,1483,1,,,0
30005029,'1035468',1442,,1484,1,,,0
30005029,'1035475',1121,,1485,1,,,0
30005029,'1035481',2304,,1486,1,,,0
30005029,'1035484',1726,,1487,1,,,0
30005029,'1035493',2341,,1488,1,,,0
30005029,'1035503',2227,,1489,1,,,0
30005029,'1035511',745,,1490,1,,,0
30005029,'1035513',637,,1491,1,,,0
30005029,'1035544',1320,,1492,1,,,0
30005029,'1035565',2150,,1493,1,,,0
30005029,'1035572',1848,,1494,1,,,0
30005029,'1035575',603,,1495,1,,,0
30005029,'1035598',1645,,1496,1,,,0
30005029,'1035599',855,,1497,1,,,0
30005029,'1035606',1010,,1498,1,,,0
30005029,'1035609',930,,1499,1,,,0
30005029,'1035616',1523,,1500,1,,,0
30005029,'1035638',1201,,1501,1,,,0
30005029,'1035644',1401,,1502,1,,,0
30005029,'1035660',2036,,1503,1,,,0
30005029,'1035704',820,,1504,1,,,0
30005029,'1035726',1929,,1505,1,,,0
30005029,'1035730',1239,,1506,1,,,0
30005029,'1035741',711,,1507,1,,,0
30005029,'1035742',1807,,1508,1,,,0
