3019,'1034546',1836,,1014,2,,,0
3019,'1034547',1049,,1015,2,,,0
3019,'1034548',755,,1016,2,,,0
3019,'1034549',1355,,1017,2,,,0
3019,'1034551',1223,,1018,2,,,0
3019,'1034552',2035,,1019,2,,,0
3019,'1034553',1726,,1020,2,,,0
3019,'1034554',1157,,1021,2,,,0
3019,'1034555',647,,1022,2,,,0
3019,'1034556',2120,,1023,2,,,0
3019,'1034557',1811,,1024,2,,,0
3019,'1034558',2146,,1025,2,,,0
3019,'1034559',708,,1026,2,,,0
3019,'1034561',1308,,1027,2,,,0
3019,'1034562',2253,,1028,2,,,0
3019,'1034564',621,,1029,2,,,0
3019,'1034565',1441,,1030,2,,,0
3019,'1034569',1615,,1031,2,,,0
3019,'1034570',1530,,1032,2,,,0
3019,'1034571',1507,,1033,2,,,0
3019,'1034572',730,,1034,2,,,0
3019,'1034573',2010,,1035,2,,,0
3019,'1034574',1859,,1036,2,,,0
3019,'1034575',1018,,1037,2,,,0
3019,'1034576',955,,1038,2,,,0
3019,'1034577',819,,1039,2,,,0
3019,'1034578',930,,1040,2,,,0
3019,'1034579',1129,,1041,2,,,0
3019,'1034580',1417,,1042,2,,,0
3019,'1034581',2359,,1043,2,,,0
3019,'1034583',1640,,1044,2,,,0
3019,'1034584',1554,,1045,2,,,0
3019,'1034585',1243,,1046,2,,,0
3019,'1034586',1332,,1047,2,,,0
3019,'1034587',1750,,1048,2,,,0
3019,'1034589',906,,1049,2,,,0
3019,'1034590',1925,,1050,2,,,0
3019,'1034591',843,,1051,2,,,0
3019,'1034593',1703,,1052,2,,,0
3019,'1035421',1615,,1261,2,,,0
3019,'1035422',1049,,1262,2,,,0
3019,'1035445',930,,1263,2,,,0
3019,'1035471',2010,,1264,2,,,0
3019,'1035486',1018,,1265,2,,,0
3019,'1035504',1417,,1266,2,,,0
3019,'1035508',2120,,1267,2,,,0
3019,'1035514',730,,1268,2,,,0
3019,'1035519',1859,,1269,2,,,0
3019,'1035528',1308,,1270,2,,,0
3019,'1035529',1750,,1271,2,,,0
3019,'1035547',621,,1272,2,,,0
3019,'1035551',1554,,1273,2,,,0
3019,'1035553',2146,,1274,2,,,0
3019,'1035556',1223,,1275,2,,,0
3019,'1035557',843,,1276,2,,,0
3019,'1035563',1157,,1277,2,,,0
3019,'1035580',819,,1278,2,,,0
3019,'1035596',955,,1279,2,,,0
3019,'1035600',1129,,1280,2,,,0
3019,'1035603',1507,,1281,2,,,0
3019,'1035614',1726,,1282,2,,,0
3019,'1035617',1925,,1283,2,,,0
3019,'1035625',1703,,1284,2,,,0
3019,'1035626',1836,,1285,2,,,0
3019,'1035641',1811,,1286,2,,,0
3019,'1035642',755,,1287,2,,,0
3019,'1035646',2035,,1288,2,,,0
3019,'1035650',1332,,1289,2,,,0
3019,'1035657',1355,,1290,2,,,0
3019,'1035671',2253,,1291,2,,,0
3019,'1035673',2359,,1292,2,,,0
3019,'1035680',1243,,1293,2,,,0
3019,'1035687',1441,,1294,2,,,0
3019,'1035694',1640,,1295,2,,,0
3019,'1035700',906,,1296,2,,,0
3019,'1035724',1530,,1297,2,,,0
3019,'1035738',647,,1298,2,,,0
3019,'1035740',708,,1299,2,,,0
12029,'1033998',1223,,851,8,,,0
12029,'1034029',1606,,852,8,,,0
12029,'1034109',841,,854,8,,,0
12029,'1034290',1327,,860,8,,,0
12029,'1034406',945,,862,8,,,0
12029,'1034408',1049,,863,8,,,0
12029,'1034425',1711,,865,8,,,0
12029,'1034428',1431,,866,8,,,0
30005019,'1033957',1629,,870,2,,,0
30005019,'1033988',2250,,872,2,,,0
30005019,'1033996',2136,,873,2,,,0
30005019,'1033997',2059,,874,2,,,0
30005019,'1034038',1507,,877,2,,,0
30005019,'1034053',917,,878,2,,,0
30005019,'1034054',807,,879,2,,,0
30005019,'1034061',1426,,880,2,,,0
30005019,'1034077',732,,883,2,,,0
30005019,'1034091',1832,,884,2,,,0
30005019,'1034127',1146,,886,2,,,0
30005019,'1034138',2404,,887,2,,,0
30005019,'1034166',1710,,890,2,,,0
30005019,'1034167',2213,,891,2,,,0
30005019,'1034172',1548,,893,2,,,0
30005019,'1034173',1345,,894,2,,,0
30005019,'1034193',1751,,896,2,,,0
30005019,'1034198',624,,897,2,,,0
30005019,'1034200',658,,898,2,,,0
30005019,'1034204',1304,,900,2,,,0
30005019,'1034284',2022,,904,2,,,0
30005019,'1034333',1224,,906,2,,,0
30005019,'1034356',1106,,909,2,,,0
30005019,'1034375',2327,,911,2,,,0
30005019,'1034413',842,,917,2,,,0
30005019,'1034445',955,,918,2,,,0
30005019,'1034464',1913,,920,2,,,0
30005019,'1035435',807,,1454,2,,,0
30005019,'1035446',917,,1455,2,,,0
30005019,'1035485',624,,1456,2,,,0
30005019,'1035500',732,,1457,2,,,0
30005019,'1035523',2327,,1458,2,,,0
30005019,'1035526',2022,,1459,2,,,0
30005019,'1035533',1224,,1460,2,,,0
30005019,'1035552',1106,,1461,2,,,0
30005019,'1035558',2213,,1462,2,,,0
30005019,'1035560',1832,,1463,2,,,0
30005019,'1035564',1548,,1464,2,,,0
30005019,'1035566',1426,,1465,2,,,0
30005019,'1035571',2059,,1466,2,,,0
30005019,'1035584',2404,,1467,2,,,0
30005019,'1035622',842,,1468,2,,,0
30005019,'1035628',1751,,1469,2,,,0
30005019,'1035630',1710,,1470,2,,,0
30005019,'1035665',658,,1471,2,,,0
30005019,'1035676',1146,,1472,2,,,0
30005019,'1035679',1304,,1473,2,,,0
30005019,'1035685',1345,,1474,2,,,0
30005019,'1035701',1629,,1475,2,,,0
30005019,'1035721',2136,,1477,2,,,0
30005019,'1035727',1913,,1478,2,,,0
30005019,'1035736',2250,,1479,2,,,0
30005019,'1035737',955,,1480,2,,,0
30005019,'1035739',1507,,1481,2,,,0
