12029,'1033998',1212,,851,4,,,0
12029,'1034029',1555,,852,4,,,0
12029,'1034109',830,,854,4,,,0
12029,'1034152',1805,,856,4,,,0
12029,'1034290',1316,,860,4,,,0
12029,'1034406',934,,862,4,,,0
12029,'1034408',1038,,863,4,,,0
12029,'1034425',1700,,865,4,,,0
12029,'1034428',1420,,866,4,,,0
200005019,'1033977',1447,,925,6,,,0
200005019,'1033982',828,,926,6,,,0
200005019,'1033995',2117,,928,6,,,0
200005019,'1034075',941,,933,6,,,0
200005019,'1034079',1327,,934,6,,,0
200005019,'1034092',604,,936,6,,,0
200005019,'1034098',1527,,938,6,,,0
200005019,'1034119',1647,,939,6,,,0
200005019,'1034137',1208,,941,6,,,0
200005019,'1034150',1847,,942,6,,,0
200005019,'1034165',2037,,944,6,,,0
200005019,'1034203',1927,,947,6,,,0
200005019,'1034213',752,,949,6,,,0
200005019,'1034236',1020,,952,6,,,0
200005019,'1034256',716,,953,6,,,0
200005019,'1034264',1407,,954,6,,,0
200005019,'1034274',1129,,955,6,,,0
200005019,'1034279',1247,,956,6,,,0
200005019,'1034318',2310,,962,6,,,0
200005019,'1034341',640,,964,6,,,0
200005019,'1034344',2347,,965,6,,,0
200005019,'1034360',1607,,967,6,,,0
200005019,'1034392',1727,,969,6,,,0
200005019,'1034401',1807,,970,6,,,0
200005019,'1034412',2233,,973,6,,,0
200005019,'1034421',904,,974,6,,,0
200005019,'1034456',2156,,977,6,,,0
200005019,'1035452',604,,1509,6,,,0
200005019,'1035456',2310,,1510,6,,,0
200005019,'1035465',1247,,1511,6,,,0
200005019,'1035476',2233,,1512,6,,,0
200005019,'1035492',1327,,1513,6,,,0
200005019,'1035498',2037,,1514,6,,,0
200005019,'1035530',716,,1515,6,,,0
200005019,'1035539',2347,,1516,6,,,0
200005019,'1035576',941,,1517,6,,,0
200005019,'1035587',1847,,1518,6,,,0
200005019,'1035604',1607,,1519,6,,,0
200005019,'1035607',1807,,1520,6,,,0
200005019,'1035610',752,,1521,6,,,0
200005019,'1035620',1727,,1522,6,,,0
200005019,'1035624',828,,1523,6,,,0
200005019,'1035627',2156,,1524,6,,,0
200005019,'1035633',1527,,1525,6,,,0
200005019,'1035662',904,,1526,6,,,0
200005019,'1035667',1129,,1527,6,,,0
200005019,'1035669',1407,,1528,6,,,0
200005019,'1035677',1647,,1529,6,,,0
200005019,'1035686',640,,1530,6,,,0
200005019,'1035697',1208,,1531,6,,,0
200005019,'1035709',2117,,1532,6,,,0
200005019,'1035735',1020,,1533,6,,,0
200005019,'1035743',1447,,1534,6,,,0
200005019,'1035744',1927,,1535,6,,,0
