1029,'1033981',2325,,516,10,0,26,0
1029,'1033986',2300,,517,10,0,26,0
1029,'1034005',2208,,519,10,0,26,0
1029,'1034007',708,,520,10,,,0
1029,'1034015',1414,,521,10,0,26,0
1029,'1034017',1205,,522,10,0,26,0
1029,'1034018',734,,523,10,,,0
1029,'1034027',641,,525,10,,,0
1029,'1034039',1851,,526,10,0,26,0
1029,'1034040',1710,,527,10,,,0
1029,'1034045',1322,,529,10,0,26,0
1029,'1034060',1306,,531,10,,,0
1029,'1034069',1009,,534,10,0,26,0
1029,'1034111',1534,,541,10,0,26,0
1029,'1034117',1034,,543,10,0,26,0
1029,'1034132',1502,,545,10,0,26,0
1029,'1034144',2117,,549,10,0,26,0
1029,'1034180',1907,,552,10,0,26,0
1029,'1034183',1732,,554,10,,,0
1029,'1034209',2013,,556,10,0,26,0
1029,'1034212',1923,,557,10,0,26,0
1029,'1034214',1430,,558,10,0,26,0
1029,'1034239',1622,,561,10,,,0
1029,'1034241',1654,,562,10,,,0
1029,'1034243',1446,,563,10,0,26,0
1029,'1034248',829,,564,10,,,0
1029,'1034251',2234,,567,10,0,26,0
1029,'1034261',1057,,568,10,0,26,0
1029,'1034262',908,,569,10,0,26,0
1029,'1034265',1140,,570,10,0,26,0
1029,'1034280',1221,,572,10,0,26,0
1029,'1034292',1119,,576,10,0,26,0
1029,'1034300',548,,577,10,,,0
1029,'1034307',1820,,580,10,,,0
1029,'1034313',1518,,582,10,0,26,0
1029,'1034319',1358,,584,10,0,26,0
1029,'1034346',2101,,589,10,0,26,0
1029,'1034358',948,,590,10,0,26,0
1029,'1034368',2045,,594,10,0,26,0
1029,'1034371',1748,,595,10,,,0
1029,'1034378',1606,,596,10,0,26,0
1029,'1034387',1804,,599,10,,,0
1029,'1034396',1338,,602,10,0,26,0
1029,'1034402',2352,,603,10,0,26,0
1029,'1034416',1236,,606,10,0,26,0
1029,'1034417',2142,,607,10,0,26,0
1029,'1034430',928,,608,10,0,26,0
1029,'1034434',1939,,609,10,0,26,0
1029,'1034444',803,,610,10,,,0
1029,'1034465',1550,,612,10,0,26,0
1029,'1034476',1250,,614,10,,,0
1029,'1034478',1835,,615,10,0,26,0
1029,'1034479',1638,,616,10,,,0
1029,'1035427',2156,,1142,10,0,26,0
1029,'1035432',2218,,1143,10,0,26,0
1029,'1035440',1414,,1144,10,0,26,0
1029,'1035448',1923,,1145,10,0,26,0
1029,'1035453',633,,1146,10,,,0
1029,'1035458',1158,,1147,10,0,26,0
1029,'1035470',1657,,1148,10,,,0
1029,'1035473',1945,,1149,10,0,26,0
1029,'1035478',1316,,1150,10,,,0
1029,'1035482',1727,,1151,10,,,0
1029,'1035483',1558,,1152,10,,,0
1029,'1035497',849,,1153,10,0,26,0
1029,'1035502',1826,,1154,10,,,0
1029,'1035505',723,,1155,10,,,0
1029,'1035509',1628,,1156,10,,,0
1029,'1035512',1106,,1157,10,0,26,0
1029,'1035518',748,,1158,10,,,0
1029,'1035521',2012,,1159,10,0,26,0
1029,'1035550',1349,,1160,10,0,26,0
1029,'1035561',1223,,1161,10,0,26,0
1029,'1035573',1756,,1162,10,,,0
1029,'1035582',813,,1163,10,,,0
1029,'1035586',1532,,1164,10,0,26,0
1029,'1035588',2243,,1165,10,0,26,0
1029,'1035621',2104,,1166,10,0,26,0
1029,'1035648',2131,,1167,10,0,26,0
1029,'1035654',914,,1168,10,0,26,0
1029,'1035682',2330,,1169,10,0,26,0
1029,'1035696',940,,1170,10,0,26,0
1029,'1035698',1508,,1171,10,0,26,0
1029,'1035699',1131,,1172,10,0,26,0
1029,'1035706',1438,,1173,10,0,26,0
1029,'1035707',1251,,1174,10,,,0
1029,'1035708',1853,,1175,10,0,26,0
1029,'1035712',1036,,1176,10,0,26,0
1029,'1035715',547,,1177,10,,,0
1029,'1035745',2305,,1178,10,0,26,0
3029,'1033972',2224,,702,2,,,0
3029,'1034000',834,,704,2,,,0
3029,'1034001',615,,705,2,,,0
3029,'1034002',1411,,706,2,,,0
3029,'1034013',945,,709,2,,,0
3029,'1034021',638,,712,2,,,0
3029,'1034023',1520,,713,2,,,0
3029,'1034026',1325,,714,2,,,0
3029,'1034057',1941,,717,2,,,0
3029,'1034072',2004,,719,2,,,0
3029,'1034083',1829,,721,2,,,0
3029,'1034130',2115,,725,2,,,0
3029,'1034141',1741,,726,2,,,0
3029,'1034174',1609,,729,2,,,0
3029,'1034199',2051,,732,2,,,0
3029,'1034208',1019,,733,2,,,0
3029,'1034223',723,,736,2,,,0
3029,'1034231',700,,737,2,,,0
3029,'1034240',552,,740,2,,,0
3029,'1034266',1804,,744,2,,,0
3029,'1034271',1456,,745,2,,,0
3029,'1034272',811,,746,2,,,0
3029,'1034294',1302,,747,2,,,0
3029,'1034323',1434,,748,2,,,0
3029,'1034329',1127,,749,2,,,0
3029,'1034332',1718,,750,2,,,0
3029,'1034334',1059,,751,2,,,0
3029,'1034337',858,,752,2,,,0
3029,'1034338',922,,753,2,,,0
3029,'1034365',2331,,757,2,,,0
3029,'1034398',747,,761,2,,,0
3029,'1034418',1655,,762,2,,,0
3029,'1034419',1853,,763,2,,,0
3029,'1034420',1238,,764,2,,,0
3029,'1034426',1213,,767,2,,,0
3029,'1034431',1153,,770,2,,,0
3029,'1034448',1347,,773,2,,,0
3029,'1034455',1545,,774,2,,,0
3029,'1034463',1632,,775,2,,,0
3029,'1035424',1655,,1300,2,,,0
3029,'1035433',700,,1301,2,,,0
3029,'1035454',1741,,1302,2,,,0
3029,'1035455',1632,,1303,2,,,0
3029,'1035461',615,,1304,2,,,0
3029,'1035466',747,,1305,2,,,0
3029,'1035467',1456,,1306,2,,,0
3029,'1035469',1434,,1307,2,,,0
3029,'1035480',2224,,1308,2,,,0
3029,'1035487',1347,,1309,2,,,0
3029,'1035499',1804,,1310,2,,,0
3029,'1035510',1941,,1311,2,,,0
3029,'1035516',1238,,1312,2,,,0
3029,'1035522',945,,1313,2,,,0
3029,'1035525',858,,1314,2,,,0
3029,'1035535',1213,,1315,2,,,0
3029,'1035536',552,,1316,2,,,0
3029,'1035562',1127,,1317,2,,,0
3029,'1035574',1302,,1318,2,,,0
3029,'1035577',1325,,1319,2,,,0
3029,'1035592',1718,,1320,2,,,0
3029,'1035597',1545,,1321,2,,,0
3029,'1035608',638,,1322,2,,,0
3029,'1035631',1829,,1323,2,,,0
3029,'1035632',1520,,1324,2,,,0
3029,'1035634',2115,,1325,2,,,0
3029,'1035636',1853,,1326,2,,,0
3029,'1035637',1411,,1327,2,,,0
3029,'1035640',1153,,1328,2,,,0
3029,'1035652',1019,,1329,2,,,0
3029,'1035663',2004,,1330,2,,,0
3029,'1035668',1059,,1331,2,,,0
3029,'1035672',1609,,1332,2,,,0
3029,'1035689',723,,1333,2,,,0
3029,'1035690',834,,1334,2,,,0
3029,'1035691',2331,,1335,2,,,0
3029,'1035716',811,,1336,2,,,0
3029,'1035720',922,,1337,2,,,0
3029,'1035732',2051,,1338,2,,,0
6019,'1034657',1047,,1069,2,,,0
6019,'1034658',907,,1070,2,,,0
6019,'1034659',802,,1071,2,,,0
6019,'1034664',1012,,1076,2,,,0
6019,'1034665',1626,,1077,2,,,0
6019,'1034666',1551,,1078,2,,,0
6019,'1034667',1331,,1079,2,,,0
6019,'1034668',1256,,1080,2,,,0
6019,'1034670',1701,,1082,2,,,0
6019,'1034671',1117,,1083,2,,,0
6019,'1034673',1441,,1085,2,,,0
6019,'1034676',1945,,1088,2,,,0
6019,'1034679',1516,,1091,2,,,0
6019,'1034680',2012,,1092,2,,,0
6019,'1034682',1736,,1094,2,,,0
6019,'1034684',1406,,1096,2,,,0
6019,'1034688',1221,,1100,2,,,0
6019,'1034690',1911,,1102,2,,,0
6019,'1034691',1811,,1103,2,,,0
