30005019,'1033957',1640,,870,10,,,0
30005019,'1033988',2259,,872,10,,,0
30005019,'1033996',2145,,873,10,,,0
30005019,'1033997',2108,,874,10,,,0
30005019,'1034038',1518,,877,10,,,0
30005019,'1034053',925,,878,10,,,0
30005019,'1034054',815,,879,10,,,0
30005019,'1034061',1437,,880,10,,,0
30005019,'1034077',740,,883,10,,,0
30005019,'1034091',1843,,884,10,,,0
30005019,'1034127',1156,,886,10,,,0
30005019,'1034138',2413,,887,10,,,0
30005019,'1034166',1721,,890,10,,,0
30005019,'1034167',2222,,891,10,,,0
30005019,'1034172',1559,,893,10,,,0
30005019,'1034173',1356,,894,10,,,0
30005019,'1034193',1802,,896,10,,,0
30005019,'1034198',632,,897,10,,,0
30005019,'1034200',706,,898,10,,,0
30005019,'1034204',1315,,900,10,,,0
30005019,'1034253',558,,903,7,,,0
30005019,'1034284',2031,,904,10,,,0
30005019,'1034333',1234,,906,10,,,0
30005019,'1034356',1116,,909,10,,,0
30005019,'1034375',2336,,911,10,,,0
30005019,'1034413',850,,917,10,,,0
30005019,'1034445',1005,,918,10,,,0
30005019,'1034464',1924,,920,10,,,0
30005019,'1035435',815,,1454,10,,,0
30005019,'1035446',925,,1455,10,,,0
30005019,'1035485',632,,1456,10,,,0
30005019,'1035500',740,,1457,10,,,0
30005019,'1035523',2336,,1458,10,,,0
30005019,'1035526',2031,,1459,10,,,0
30005019,'1035533',1234,,1460,10,,,0
30005019,'1035552',1116,,1461,10,,,0
30005019,'1035558',2222,,1462,10,,,0
30005019,'1035560',1843,,1463,10,,,0
30005019,'1035564',1559,,1464,10,,,0
30005019,'1035566',1437,,1465,10,,,0
30005019,'1035571',2108,,1466,10,,,0
30005019,'1035584',2413,,1467,10,,,0
30005019,'1035622',850,,1468,10,,,0
30005019,'1035628',1802,,1469,10,,,0
30005019,'1035630',1721,,1470,10,,,0
30005019,'1035665',706,,1471,10,,,0
30005019,'1035676',1156,,1472,10,,,0
30005019,'1035679',1315,,1473,10,,,0
30005019,'1035685',1356,,1474,10,,,0
30005019,'1035701',1640,,1475,10,,,0
30005019,'1035713',558,,1476,7,,,0
30005019,'1035721',2145,,1477,10,,,0
30005019,'1035727',1924,,1478,10,,,0
30005019,'1035736',2259,,1479,10,,,0
30005019,'1035737',1005,,1480,10,,,0
30005019,'1035739',1518,,1481,10,,,0
