1019,'1033958',2127,,511,3,,,0
1019,'1033964',1603,,512,3,,,0
1019,'1033965',1713,,513,3,,,0
1019,'1033969',1823,,514,3,,,0
1019,'1033974',1641,,515,3,,,0
1019,'1033987',2219,,518,3,,,0
1019,'1034024',658,,524,3,,,0
1019,'1034043',2036,,528,3,,,0
1019,'1034052',1619,,530,3,,,0
1019,'1034065',1029,,532,3,,,0
1019,'1034066',1459,,533,3,,,0
1019,'1034088',1232,,535,3,,,0
1019,'1034095',1131,,536,3,,,0
1019,'1034096',1547,,537,3,,,0
1019,'1034101',1427,,538,3,,,0
1019,'1034105',1050,,539,3,,,0
1019,'1034108',1411,,540,3,,,0
1019,'1034112',1729,,542,3,,,0
1019,'1034124',2004,,544,3,,,0
1019,'1034134',512,,546,3,,,0
1019,'1034139',2101,,547,3,,,0
1019,'1034143',2311,,548,3,,,0
1019,'1034171',605,,550,3,,,0
1019,'1034179',1932,,551,3,,,0
1019,'1034182',2020,,553,3,,,0
1019,'1034191',1339,,555,3,,,0
1019,'1034233',1216,,559,3,,,0
1019,'1034234',632,,560,3,,,0
1019,'1034249',944,,565,3,,,0
1019,'1034250',1657,,566,3,,,0
1019,'1034268',1146,,571,3,,,0
1019,'1034282',820,,573,3,,,0
1019,'1034288',1515,,574,3,,,0
1019,'1034291',1807,,575,3,,,0
1019,'1034303',2153,,578,3,,,0
1019,'1034304',1007,,579,3,,,0
1019,'1034311',2245,,581,3,,,0
1019,'1034315',1443,,583,3,,,0
1019,'1034328',1531,,585,3,,,0
1019,'1034336',1839,,586,3,,,0
1019,'1034340',858,,587,3,,,0
1019,'1034342',1200,,588,3,,,0
1019,'1034362',1323,,591,3,,,0
1019,'1034363',727,,592,3,,,0
1019,'1034364',753,,593,3,,,0
1019,'1034379',1248,,597,3,,,0
1019,'1034385',1855,,598,3,,,0
1019,'1034391',919,,600,3,,,0
1019,'1034394',1307,,601,3,,,0
1019,'1034410',1115,,604,3,,,0
1019,'1034415',1751,,605,3,,,0
1019,'1034462',840,,611,3,,,0
1019,'1034469',1355,,613,3,,,0
1019,'1035428',1452,,1105,3,,,0
1019,'1035437',1210,,1106,3,,,0
1019,'1035441',1358,,1107,3,,,0
1019,'1035442',2120,,1108,3,,,0
1019,'1035443',2053,,1109,3,,,0
1019,'1035447',602,,1110,3,,,0
1019,'1035449',2254,,1111,3,,,0
1019,'1035479',1715,,1112,3,,,0
1019,'1035491',1309,,1113,3,,,0
1019,'1035520',1235,,1114,3,,,0
1019,'1035524',517,,1115,3,,,0
1019,'1035527',1143,,1116,3,,,0
1019,'1035541',1118,,1117,3,,,0
1019,'1035542',1334,,1118,3,,,0
1019,'1035543',2026,,1119,3,,,0
1019,'1035546',1814,,1120,3,,,0
1019,'1035548',1646,,1121,3,,,0
1019,'1035554',2229,,1122,3,,,0
1019,'1035555',1547,,1123,3,,,0
1019,'1035578',742,,1124,3,,,0
1019,'1035583',1745,,1125,3,,,0
1019,'1035590',1517,,1126,3,,,0
1019,'1035593',809,,1127,3,,,0
1019,'1035601',834,,1128,3,,,0
1019,'1035643',2142,,1129,3,,,0
1019,'1035655',1428,,1130,3,,,0
1019,'1035661',652,,1131,3,,,0
1019,'1035664',2207,,1132,3,,,0
1019,'1035674',1051,,1133,3,,,0
1019,'1035684',1026,,1134,3,,,0
1019,'1035702',1908,,1135,3,,,0
1019,'1035710',956,,1136,3,,,0
1019,'1035717',1934,,1137,3,,,0
1019,'1035718',1616,,1138,3,,,0
1019,'1035723',717,,1139,3,,,0
1019,'1035731',900,,1140,3,,,0
1019,'1035733',1844,,1141,3,,,0
7029,'1034953',636,,1377,3,,,0
