12029,'1033998',1225,,851,9,,,0
12029,'1034029',1608,,852,9,,,0
12029,'1034109',843,,854,9,,,0
12029,'1034290',1329,,860,9,,,0
12029,'1034406',947,,862,9,,,0
12029,'1034408',1051,,863,9,,,0
12029,'1034425',1713,,865,9,,,0
12029,'1034428',1433,,866,9,,,0
30005019,'1033957',1631,,870,3,,,0
30005019,'1033988',2251,,872,3,,,0
30005019,'1033996',2137,,873,3,,,0
30005019,'1033997',2100,,874,3,,,0
30005019,'1034038',1509,,877,3,,,0
30005019,'1034053',918,,878,3,,,0
30005019,'1034054',808,,879,3,,,0
30005019,'1034061',1428,,880,3,,,0
30005019,'1034077',733,,883,3,,,0
30005019,'1034091',1834,,884,3,,,0
30005019,'1034127',1148,,886,3,,,0
30005019,'1034138',2405,,887,3,,,0
30005019,'1034166',1712,,890,3,,,0
30005019,'1034167',2214,,891,3,,,0
30005019,'1034172',1550,,893,3,,,0
30005019,'1034173',1347,,894,3,,,0
30005019,'1034193',1753,,896,3,,,0
30005019,'1034198',625,,897,3,,,0
30005019,'1034200',659,,898,3,,,0
30005019,'1034204',1306,,900,3,,,0
30005019,'1034284',2023,,904,3,,,0
30005019,'1034333',1226,,906,3,,,0
30005019,'1034356',1108,,909,3,,,0
30005019,'1034375',2328,,911,3,,,0
30005019,'1034413',843,,917,3,,,0
30005019,'1034445',957,,918,3,,,0
30005019,'1034464',1915,,920,3,,,0
30005019,'1035435',808,,1454,3,,,0
30005019,'1035446',918,,1455,3,,,0
30005019,'1035485',625,,1456,3,,,0
30005019,'1035500',733,,1457,3,,,0
30005019,'1035523',2328,,1458,3,,,0
30005019,'1035526',2023,,1459,3,,,0
30005019,'1035533',1226,,1460,3,,,0
30005019,'1035552',1108,,1461,3,,,0
30005019,'1035558',2214,,1462,3,,,0
30005019,'1035560',1834,,1463,3,,,0
30005019,'1035564',1550,,1464,3,,,0
30005019,'1035566',1428,,1465,3,,,0
30005019,'1035571',2100,,1466,3,,,0
30005019,'1035584',2405,,1467,3,,,0
30005019,'1035622',843,,1468,3,,,0
30005019,'1035628',1753,,1469,3,,,0
30005019,'1035630',1712,,1470,3,,,0
30005019,'1035665',659,,1471,3,,,0
30005019,'1035676',1148,,1472,3,,,0
30005019,'1035679',1306,,1473,3,,,0
30005019,'1035685',1347,,1474,3,,,0
30005019,'1035701',1631,,1475,3,,,0
30005019,'1035721',2137,,1477,3,,,0
30005019,'1035727',1915,,1478,3,,,0
30005019,'1035736',2251,,1479,3,,,0
30005019,'1035737',957,,1480,3,,,0
30005019,'1035739',1509,,1481,3,,,0
