240008019,'1033971',1447,,980,1,,,0
240008019,'1033978',1544,,982,1,,,0
240008019,'1034030',1352,,985,1,,,0
240008019,'1034036',2011,,986,1,,,0
240008019,'1034037',1906,,987,1,,,0
240008019,'1034063',705,,989,1,,,0
240008019,'1034168',1122,,993,1,,,0
240008019,'1034238',805,,994,1,,,0
240008019,'1034276',1027,,998,1,,,0
240008019,'1034277',1719,,999,1,,,0
240008019,'1034283',1212,,1001,1,,,0
240008019,'1034286',927,,1002,1,,,0
240008019,'1034383',1816,,1006,1,,,0
240008019,'1034388',1644,,1008,1,,,0
240008019,'1034423',2100,,1009,1,,,0
240008019,'1034440',1312,,1011,1,,,0
240008019,'1034475',2240,,1013,1,,,0
240008019,'1035436',2240,,1564,1,,,0
240008019,'1035451',1507,,1565,1,,,0
240008019,'1035494',1342,,1566,1,,,0
240008019,'1035506',1152,,1567,1,,,0
240008019,'1035538',1957,,1568,1,,,0
240008019,'1035545',718,,1569,1,,,0
240008019,'1035585',848,,1570,1,,,0
240008019,'1035629',1640,,1571,1,,,0
240008019,'1035666',1412,,1572,1,,,0
240008019,'1035670',1122,,1573,1,,,0
240008019,'1035675',1710,,1574,1,,,0
240008019,'1035678',1227,,1575,1,,,0
240008019,'1035693',1007,,1576,1,,,0
240008019,'1035722',1737,,1577,1,,,0
240008029,'1033973',1337,,981,3,4,,0
240008029,'1033980',1427,,983,3,4,,0
240008029,'1034003',1846,,984,3,4,,0
240008029,'1034051',1017,,988,3,4,,0
240008029,'1034078',1624,,990,3,4,,0
240008029,'1034123',1659,,991,3,4,,0
240008029,'1034128',1524,,992,3,4,,0
240008029,'1034252',1259,,995,3,4,,0
240008029,'1034259',757,,996,3,4,,0
240008029,'1034275',1951,,997,3,4,,0
240008029,'1034281',1159,,1000,3,4,,0
240008029,'1034316',2048,,1003,3,4,,0
240008029,'1034345',1112,,1004,3,4,,0
240008029,'1034359',2237,,1005,3,4,,0
240008029,'1034384',657,,1007,3,4,,0
240008029,'1034435',917,,1010,3,4,,0
240008029,'1034452',1756,,1012,3,4,,0
240008029,'1035423',1107,,1578,3,4,,0
240008029,'1035439',1722,,1579,3,4,,0
240008029,'1035450',1652,,1580,3,4,,0
240008029,'1035463',837,,1581,3,4,,0
240008029,'1035496',1327,,1582,3,4,,0
240008029,'1035532',1212,,1583,3,4,,0
240008029,'1035549',707,,1584,3,4,,0
240008029,'1035589',1942,,1585,3,4,,0
240008029,'1035611',2232,,1586,3,4,,0
240008029,'1035612',1452,,1587,3,4,,0
240008029,'1035653',1622,,1588,3,4,,0
240008029,'1035656',952,,1589,3,4,,0
240008029,'1035705',1137,,1590,3,4,,0
240008029,'1035728',1357,,1591,3,4,,0
