30005019,'1033957',1634,,870,5,,,0
30005019,'1033988',2254,,872,5,,,0
30005019,'1033996',2140,,873,5,,,0
30005019,'1033997',2103,,874,5,,,0
30005019,'1034038',1512,,877,5,,,0
30005019,'1034053',920,,878,5,,,0
30005019,'1034054',810,,879,5,,,0
30005019,'1034061',1431,,880,5,,,0
30005019,'1034077',735,,883,5,,,0
30005019,'1034091',1837,,884,5,,,0
30005019,'1034127',1150,,886,5,,,0
30005019,'1034138',2408,,887,5,,,0
30005019,'1034166',1715,,890,5,,,0
30005019,'1034167',2217,,891,5,,,0
30005019,'1034172',1553,,893,5,,,0
30005019,'1034173',1350,,894,5,,,0
30005019,'1034193',1756,,896,5,,,0
30005019,'1034198',627,,897,5,,,0
30005019,'1034200',701,,898,5,,,0
30005019,'1034204',1309,,900,5,,,0
30005019,'1034253',553,,903,2,,,0
30005019,'1034284',2026,,904,5,,,0
30005019,'1034333',1228,,906,5,,,0
30005019,'1034356',1110,,909,5,,,0
30005019,'1034375',2331,,911,5,,,0
30005019,'1034413',845,,917,5,,,0
30005019,'1034445',959,,918,5,,,0
30005019,'1034464',1918,,920,5,,,0
30005019,'1035435',810,,1454,5,,,0
30005019,'1035446',920,,1455,5,,,0
30005019,'1035485',627,,1456,5,,,0
30005019,'1035500',735,,1457,5,,,0
30005019,'1035523',2331,,1458,5,,,0
30005019,'1035526',2026,,1459,5,,,0
30005019,'1035533',1228,,1460,5,,,0
30005019,'1035552',1110,,1461,5,,,0
30005019,'1035558',2217,,1462,5,,,0
30005019,'1035560',1837,,1463,5,,,0
30005019,'1035564',1553,,1464,5,,,0
30005019,'1035566',1431,,1465,5,,,0
30005019,'1035571',2103,,1466,5,,,0
30005019,'1035584',2408,,1467,5,,,0
30005019,'1035622',845,,1468,5,,,0
30005019,'1035628',1756,,1469,5,,,0
30005019,'1035630',1715,,1470,5,,,0
30005019,'1035665',701,,1471,5,,,0
30005019,'1035676',1150,,1472,5,,,0
30005019,'1035679',1309,,1473,5,,,0
30005019,'1035685',1350,,1474,5,,,0
30005019,'1035701',1634,,1475,5,,,0
30005019,'1035713',553,,1476,2,,,0
30005019,'1035721',2140,,1477,5,,,0
30005019,'1035727',1918,,1478,5,,,0
30005019,'1035736',2254,,1479,5,,,0
30005019,'1035737',959,,1480,5,,,0
30005019,'1035739',1512,,1481,5,,,0
