1019,'1033958',2146,,511,14,4,,0
1019,'1033964',1624,,512,14,4,,0
1019,'1033965',1734,,513,14,4,,0
1019,'1033969',1842,,514,14,4,,0
1019,'1033974',1702,,515,14,4,,0
1019,'1033987',2238,,518,14,4,,0
1019,'1034024',714,,524,14,4,,0
1019,'1034043',2055,,528,14,4,,0
1019,'1034052',1640,,530,14,4,,0
1019,'1034065',1050,,532,14,4,,0
1019,'1034066',1520,,533,14,4,,0
1019,'1034088',1253,,535,14,4,,0
1019,'1034095',1152,,536,14,4,,0
1019,'1034096',1608,,537,14,4,,0
1019,'1034101',1448,,538,14,4,,0
1019,'1034105',1111,,539,14,4,,0
1019,'1034108',1432,,540,14,4,,0
1019,'1034112',1750,,542,14,4,,0
1019,'1034124',2023,,544,14,4,,0
1019,'1034134',528,,546,14,4,,0
1019,'1034139',2120,,547,14,4,,0
1019,'1034143',2330,,548,14,4,,0
1019,'1034171',621,,550,14,4,,0
1019,'1034179',1951,,551,14,4,,0
1019,'1034182',2039,,553,14,4,,0
1019,'1034191',1400,,555,14,4,,0
1019,'1034233',1237,,559,14,4,,0
1019,'1034234',648,,560,14,4,,0
1019,'1034249',1005,,565,14,4,,0
1019,'1034250',1718,,566,14,4,,0
1019,'1034268',1207,,571,14,4,,0
1019,'1034282',841,,573,14,4,,0
1019,'1034288',1536,,574,14,4,,0
1019,'1034291',1826,,575,14,4,,0
1019,'1034303',2212,,578,14,4,,0
1019,'1034304',1028,,579,14,4,,0
1019,'1034311',2304,,581,14,4,,0
1019,'1034315',1504,,583,14,4,,0
1019,'1034328',1552,,585,14,4,,0
1019,'1034336',1858,,586,14,4,,0
1019,'1034340',919,,587,14,4,,0
1019,'1034342',1221,,588,14,4,,0
1019,'1034362',1344,,591,14,4,,0
1019,'1034363',743,,592,14,4,,0
1019,'1034364',809,,593,14,4,,0
1019,'1034379',1309,,597,14,4,,0
1019,'1034385',1914,,598,14,4,,0
1019,'1034391',940,,600,14,4,,0
1019,'1034394',1328,,601,14,4,,0
1019,'1034410',1136,,604,14,4,,0
1019,'1034415',1810,,605,14,4,,0
1019,'1034462',901,,611,14,4,,0
1019,'1034469',1416,,613,14,4,,0
1019,'1035428',1510,,1105,14,4,,0
1019,'1035437',1228,,1106,14,4,,0
1019,'1035441',1416,,1107,14,4,,0
1019,'1035442',2136,,1108,14,4,,0
1019,'1035443',2110,,1109,14,4,,0
1019,'1035447',617,,1110,14,4,,0
1019,'1035449',2310,,1111,14,4,,0
1019,'1035479',1733,,1112,14,4,,0
1019,'1035491',1327,,1113,14,4,,0
1019,'1035520',1253,,1114,14,4,,0
1019,'1035524',532,,1115,14,4,,0
1019,'1035527',1201,,1116,14,4,,0
1019,'1035541',1136,,1117,14,4,,0
1019,'1035542',1352,,1118,14,4,,0
1019,'1035543',2043,,1119,14,4,,0
1019,'1035546',1831,,1120,14,4,,0
1019,'1035548',1704,,1121,14,4,,0
1019,'1035554',2245,,1122,14,4,,0
1019,'1035555',1605,,1123,14,4,,0
1019,'1035578',757,,1124,14,4,,0
1019,'1035583',1803,,1125,14,4,,0
1019,'1035590',1535,,1126,14,4,,0
1019,'1035593',827,,1127,14,4,,0
1019,'1035601',852,,1128,14,4,,0
1019,'1035643',2158,,1129,14,4,,0
1019,'1035655',1446,,1130,14,4,,0
1019,'1035661',707,,1131,14,4,,0
1019,'1035664',2223,,1132,14,4,,0
1019,'1035674',1109,,1133,14,4,,0
1019,'1035684',1044,,1134,14,4,,0
1019,'1035702',1925,,1135,14,4,,0
1019,'1035710',1014,,1136,14,4,,0
1019,'1035717',1951,,1137,14,4,,0
1019,'1035718',1634,,1138,14,4,,0
1019,'1035723',732,,1139,14,4,,0
1019,'1035731',918,,1140,14,4,,0
1019,'1035733',1901,,1141,14,4,,0
1029,'1033981',2308,,516,1,0,26,0
1029,'1033986',2243,,517,1,0,26,0
1029,'1034005',2151,,519,1,0,26,0
1029,'1034007',653,,520,1,,,0
1029,'1034015',1354,,521,1,0,26,0
1029,'1034017',1146,,522,1,0,26,0
1029,'1034018',719,,523,1,,,0
1029,'1034027',626,,525,1,,,0
1029,'1034039',1834,,526,1,0,26,0
1029,'1034040',1650,,527,1,,,0
1029,'1034045',1303,,529,1,0,26,0
1029,'1034060',1247,,531,1,,,0
1029,'1034069',950,,534,1,0,26,0
1029,'1034111',1514,,541,1,0,26,0
1029,'1034117',1015,,543,1,0,26,0
1029,'1034132',1442,,545,1,0,26,0
1029,'1034144',2100,,549,1,0,26,0
1029,'1034180',1850,,552,1,0,26,0
1029,'1034183',1712,,554,1,,,0
1029,'1034209',1956,,556,1,0,26,0
1029,'1034212',1906,,557,1,0,26,0
1029,'1034214',1410,,558,1,0,26,0
1029,'1034239',1602,,561,1,,,0
1029,'1034241',1634,,562,1,,,0
1029,'1034243',1426,,563,1,0,26,0
1029,'1034248',814,,564,1,,,0
1029,'1034251',2217,,567,1,0,26,0
1029,'1034261',1038,,568,1,0,26,0
1029,'1034262',849,,569,1,0,26,0
1029,'1034265',1121,,570,1,0,26,0
1029,'1034280',1202,,572,1,0,26,0
1029,'1034292',1100,,576,1,0,26,0
1029,'1034300',533,,577,1,,,0
1029,'1034307',1800,,580,1,,,0
1029,'1034313',1458,,582,1,0,26,0
1029,'1034319',1338,,584,1,0,26,0
1029,'1034346',2044,,589,1,0,26,0
1029,'1034358',929,,590,1,0,26,0
1029,'1034368',2028,,594,1,0,26,0
1029,'1034371',1728,,595,1,,,0
1029,'1034378',1546,,596,1,0,26,0
1029,'1034387',1744,,599,1,,,0
1029,'1034396',1319,,602,1,0,26,0
1029,'1034402',2335,,603,1,0,26,0
1029,'1034416',1217,,606,1,0,26,0
1029,'1034417',2125,,607,1,0,26,0
1029,'1034430',909,,608,1,0,26,0
1029,'1034434',1922,,609,1,0,26,0
1029,'1034444',748,,610,1,,,0
1029,'1034465',1530,,612,1,0,26,0
1029,'1034476',1231,,614,1,,,0
1029,'1034478',1818,,615,1,0,26,0
1029,'1034479',1618,,616,1,,,0
1029,'1035427',2141,,1142,1,0,26,0
1029,'1035432',2203,,1143,1,0,26,0
1029,'1035440',1358,,1144,1,0,26,0
1029,'1035448',1907,,1145,1,0,26,0
1029,'1035453',619,,1146,1,,,0
1029,'1035458',1142,,1147,1,0,26,0
1029,'1035470',1641,,1148,1,,,0
1029,'1035473',1929,,1149,1,0,26,0
1029,'1035478',1300,,1150,1,,,0
1029,'1035482',1711,,1151,1,,,0
1029,'1035483',1542,,1152,1,,,0
1029,'1035497',833,,1153,1,0,26,0
1029,'1035502',1810,,1154,1,,,0
1029,'1035505',709,,1155,1,,,0
1029,'1035509',1612,,1156,1,,,0
1029,'1035512',1050,,1157,1,0,26,0
1029,'1035518',734,,1158,1,,,0
1029,'1035521',1956,,1159,1,0,26,0
1029,'1035550',1333,,1160,1,0,26,0
1029,'1035561',1207,,1161,1,0,26,0
1029,'1035573',1740,,1162,1,,,0
1029,'1035582',759,,1163,1,,,0
1029,'1035586',1516,,1164,1,0,26,0
1029,'1035588',2228,,1165,1,0,26,0
1029,'1035621',2048,,1166,1,0,26,0
1029,'1035648',2115,,1167,1,0,26,0
1029,'1035654',858,,1168,1,0,26,0
1029,'1035682',2315,,1169,1,0,26,0
1029,'1035696',924,,1170,1,0,26,0
1029,'1035698',1452,,1171,1,0,26,0
1029,'1035699',1115,,1172,1,0,26,0
1029,'1035706',1422,,1173,1,0,26,0
1029,'1035707',1235,,1174,1,,,0
1029,'1035708',1837,,1175,1,0,26,0
1029,'1035712',1020,,1176,1,0,26,0
1029,'1035715',533,,1177,1,,,0
1029,'1035745',2250,,1178,1,0,26,0
