1029,'1034007',715,,520,15,,,0
1029,'1034018',741,,523,15,,,0
1029,'1034027',648,,525,15,,,0
1029,'1034040',1717,,527,15,,,0
1029,'1034060',1313,,531,15,,,0
1029,'1034183',1739,,554,15,,,0
1029,'1034239',1629,,561,15,,,0
1029,'1034241',1701,,562,15,,,0
1029,'1034248',836,,564,15,,,0
1029,'1034300',555,,577,15,,,0
1029,'1034307',1827,,580,15,,,0
1029,'1034371',1755,,595,15,,,0
1029,'1034387',1811,,599,15,,,0
1029,'1034444',810,,610,15,,,0
1029,'1034476',1257,,614,15,,,0
1029,'1034479',1645,,616,15,,,0
1029,'1035453',640,,1146,15,,,0
1029,'1035470',1704,,1148,15,,,0
1029,'1035478',1323,,1150,15,,,0
1029,'1035482',1734,,1151,15,,,0
1029,'1035483',1605,,1152,15,,,0
1029,'1035502',1833,,1154,15,,,0
1029,'1035505',730,,1155,15,,,0
1029,'1035509',1635,,1156,15,,,0
1029,'1035518',755,,1158,15,,,0
1029,'1035573',1803,,1162,15,,,0
1029,'1035582',820,,1163,15,,,0
1029,'1035707',1258,,1174,15,,,0
1029,'1035715',554,,1177,15,,,0
