12029,'1033998',1235,,851,14,,,0
12029,'1034029',1619,,852,14,,,0
12029,'1034109',853,,854,14,,,0
12029,'1034290',1339,,860,14,,,0
12029,'1034406',957,,862,14,,,0
12029,'1034408',1101,,863,14,,,0
12029,'1034425',1724,,865,14,,,0
12029,'1034428',1444,,866,14,,,0
12029,'1034441',749,,868,3,,,0
12029,'1034696',1745,,1382,3,0,5 20,0
12029,'1034697',1025,,1383,3,0,5 20,0
12029,'1034698',1603,,1384,3,0,5 20,0
12029,'1034699',1138,,1385,3,0,5 20,0
12029,'1034700',858,,1386,3,0,5 20,0
12029,'1034702',1534,,1388,3,0,5 20,0
12029,'1034703',1829,,1389,3,0,5 20,0
12029,'1034704',1505,,1390,3,0,5 20,0
12029,'1034706',1207,,1392,3,0,5 20,0
12029,'1034714',1858,,1400,3,0,5 20,0
12029,'1034715',927,,1401,3,0,5 20,0
12029,'1034716',814,,1402,3,0,5 20,0
12029,'1034720',1716,,1406,3,0,5 20,0
12029,'1034722',1435,,1408,3,0,5 20,0
12029,'1034724',1647,,1410,3,0,5 20,0
12029,'1034725',1109,,1411,3,0,5 20,0
12029,'1034728',745,,1414,3,0,5 20,0
12029,'1034729',956,,1415,3,0,5 20,0
12029,'1035431',1858,,1419,3,0,5 20,0
12029,'1035438',1716,,1421,3,0,5 20,0
12029,'1035460',1207,,1422,3,0,5 20,0
12029,'1035472',1745,,1423,3,0,5 20,0
12029,'1035489',1505,,1425,3,0,5 20,0
12029,'1035495',1647,,1427,3,0,5 20,0
12029,'1035515',858,,1429,3,0,5 20,0
12029,'1035531',927,,1430,3,0,5 20,0
12029,'1035540',1435,,1433,3,0,5 20,0
12029,'1035613',1138,,1437,3,0,5 20,0
12029,'1035615',956,,1438,3,0,5 20,0
12029,'1035618',1829,,1439,3,0,5 20,0
12029,'1035619',1603,,1440,3,0,5 20,0
12029,'1035658',1025,,1443,3,0,5 20,0
12029,'1035659',1109,,1444,3,0,5 20,0
12029,'1035688',1534,,1446,3,0,5 20,0
12029,'1035695',745,,1448,3,0,5 20,0
12029,'1035711',814,,1450,3,0,5 20,0
