30005019,'1033957',1644,,870,14,,,0
30005019,'1033988',2303,,872,14,,,0
30005019,'1033996',2149,,873,14,,,0
30005019,'1033997',2112,,874,14,,,0
30005019,'1034038',1522,,877,14,,,0
30005019,'1034053',929,,878,14,,,0
30005019,'1034054',819,,879,14,,,0
30005019,'1034061',1441,,880,14,,,0
30005019,'1034077',744,,883,14,,,0
30005019,'1034091',1847,,884,14,,,0
30005019,'1034127',1200,,886,14,,,0
30005019,'1034138',2417,,887,14,4,,0
30005019,'1034166',1725,,890,14,,,0
30005019,'1034167',2226,,891,14,,,0
30005019,'1034172',1603,,893,14,,,0
30005019,'1034173',1400,,894,14,,,0
30005019,'1034193',1806,,896,14,,,0
30005019,'1034198',636,,897,14,,,0
30005019,'1034200',710,,898,14,,,0
30005019,'1034204',1319,,900,14,,,0
30005019,'1034253',602,,903,11,,,0
30005019,'1034284',2035,,904,14,,,0
30005019,'1034333',1238,,906,14,,,0
30005019,'1034356',1120,,909,14,,,0
30005019,'1034375',2340,,911,14,,,0
30005019,'1034413',854,,917,14,,,0
30005019,'1034445',1009,,918,14,,,0
30005019,'1034464',1928,,920,14,,,0
30005019,'1035435',819,,1454,14,,,0
30005019,'1035446',929,,1455,14,,,0
30005019,'1035485',636,,1456,14,,,0
30005019,'1035500',744,,1457,14,,,0
30005019,'1035523',2340,,1458,14,,,0
30005019,'1035526',2035,,1459,14,,,0
30005019,'1035533',1238,,1460,14,,,0
30005019,'1035552',1120,,1461,14,,,0
30005019,'1035558',2226,,1462,14,,,0
30005019,'1035560',1847,,1463,14,,,0
30005019,'1035564',1603,,1464,14,,,0
30005019,'1035566',1441,,1465,14,,,0
30005019,'1035571',2112,,1466,14,,,0
30005019,'1035584',2417,,1467,14,4,,0
30005019,'1035622',854,,1468,14,,,0
30005019,'1035628',1806,,1469,14,,,0
30005019,'1035630',1725,,1470,14,,,0
30005019,'1035665',710,,1471,14,,,0
30005019,'1035676',1200,,1472,14,,,0
30005019,'1035679',1319,,1473,14,,,0
30005019,'1035685',1400,,1474,14,,,0
30005019,'1035701',1644,,1475,14,,,0
30005019,'1035713',602,,1476,11,,,0
30005019,'1035721',2149,,1477,14,,,0
30005019,'1035727',1928,,1478,14,,,0
30005019,'1035736',2303,,1479,14,,,0
30005019,'1035737',1009,,1480,14,,,0
30005019,'1035739',1522,,1481,14,,,0
