12019,'1034073',1354,,853,4,,,0
12019,'1034126',804,,855,4,,,0
12019,'1034222',1146,,857,4,,,0
12019,'1034244',1529,,858,4,,,0
12019,'1034247',1250,,859,4,,,0
12019,'1034305',1012,,861,4,,,0
12019,'1034411',1739,,864,4,,,0
12019,'1034432',908,,867,4,,,0
12019,'1034454',1634,,869,4,,,0
200005029,'1033993',1427,,927,4,,,0
200005029,'1034008',2327,,929,4,,,0
200005029,'1034016',2250,,930,4,,,0
200005029,'1034041',1148,,931,4,,,0
200005029,'1034055',1227,,932,4,,,0
200005029,'1034086',2017,,935,4,,,0
200005029,'1034093',658,,937,4,,,0
200005029,'1034122',1547,,940,4,,,0
200005029,'1034151',622,,943,4,,,0
200005029,'1034170',1907,,945,4,,,0
200005029,'1034187',2057,,946,4,,,0
200005029,'1034207',1347,,948,4,,,0
200005029,'1034217',810,,950,4,,,0
200005029,'1034224',1707,,951,4,,,0
200005029,'1034289',2404,,957,4,,,0
200005029,'1034293',1307,,958,4,,,0
200005029,'1034306',1747,,959,4,,,0
200005029,'1034314',1507,,960,4,,,0
200005029,'1034317',1000,,961,4,,,0
200005029,'1034331',734,,963,4,,,0
200005029,'1034353',1627,,966,4,,,0
200005029,'1034366',922,,968,4,,,0
200005029,'1034405',1109,,971,4,,,0
200005029,'1034409',2136,,972,4,,,0
200005029,'1034442',1827,,975,4,,,0
200005029,'1034450',846,,976,4,,,0
200005029,'1034457',2213,,978,4,,,0
200005029,'1035430',2017,,1536,4,,,0
200005029,'1035444',1827,,1537,4,,,0
200005029,'1035457',922,,1538,4,,,0
200005029,'1035459',2250,,1539,4,,,0
200005029,'1035462',1707,,1540,4,,,0
200005029,'1035464',2136,,1541,4,,,0
200005029,'1035477',846,,1542,4,,,0
200005029,'1035488',734,,1543,4,,,0
200005029,'1035501',2057,,1544,4,,,0
200005029,'1035517',1347,,1545,4,,,0
200005029,'1035559',1627,,1546,4,,,0
200005029,'1035568',1507,,1547,4,,,0
200005029,'1035579',1307,,1548,4,,,0
200005029,'1035581',1109,,1549,4,,,0
200005029,'1035594',2404,,1551,4,,,0
200005029,'1035595',1747,,1552,4,,,0
200005029,'1035602',622,,1553,4,,,0
200005029,'1035605',1227,,1554,4,,,0
200005029,'1035635',1427,,1555,4,,,0
200005029,'1035639',2213,,1556,4,,,0
200005029,'1035645',1547,,1557,4,,,0
200005029,'1035647',810,,1558,4,,,0
200005029,'1035649',658,,1559,4,,,0
200005029,'1035683',1148,,1560,4,,,0
200005029,'1035725',1907,,1561,4,,,0
200005029,'1035734',2327,,1562,4,,,0
200005029,'1035746',1000,,1563,4,,,0
