1029,'1035427',2154,,1142,8,0,26,0
1029,'1035432',2216,,1143,8,0,26,0
1029,'1035440',1412,,1144,8,0,26,0
1029,'1035448',1921,,1145,8,0,26,0
1029,'1035453',631,,1146,8,,,0
1029,'1035458',1156,,1147,8,0,26,0
1029,'1035470',1655,,1148,8,,,0
1029,'1035473',1943,,1149,8,0,26,0
1029,'1035478',1314,,1150,8,,,0
1029,'1035482',1725,,1151,8,,,0
1029,'1035483',1556,,1152,8,,,0
1029,'1035497',847,,1153,8,0,26,0
1029,'1035502',1824,,1154,8,,,0
1029,'1035505',721,,1155,8,,,0
1029,'1035509',1626,,1156,8,,,0
1029,'1035512',1104,,1157,8,0,26,0
1029,'1035518',746,,1158,8,,,0
1029,'1035521',2010,,1159,8,0,26,0
1029,'1035550',1347,,1160,8,0,26,0
1029,'1035561',1221,,1161,8,0,26,0
1029,'1035573',1754,,1162,8,,,0
1029,'1035582',811,,1163,8,,,0
1029,'1035586',1530,,1164,8,0,26,0
1029,'1035588',2241,,1165,8,0,26,0
1029,'1035621',2102,,1166,8,0,26,0
1029,'1035648',2129,,1167,8,0,26,0
1029,'1035654',912,,1168,8,0,26,0
1029,'1035682',2328,,1169,8,0,26,0
1029,'1035696',938,,1170,8,0,26,0
1029,'1035698',1506,,1171,8,0,26,0
1029,'1035699',1129,,1172,8,0,26,0
1029,'1035706',1436,,1173,8,0,26,0
1029,'1035707',1249,,1174,8,,,0
1029,'1035708',1851,,1175,8,0,26,0
1029,'1035712',1034,,1176,8,0,26,0
1029,'1035715',545,,1177,8,,,0
1029,'1035745',2303,,1178,8,0,26,0
2019,'1034867',951,,1179,6,,,0
2019,'1034868',2235,,1180,6,,,0
2019,'1034870',816,,1181,6,,,0
2019,'1034871',1737,,1182,6,,,0
2019,'1034874',1513,,1183,6,,,0
2019,'1034878',2335,,1184,6,,,0
2019,'1034879',2214,,1185,6,,,0
2019,'1034881',1245,,1186,6,,,0
2019,'1034886',1445,,1187,6,,,0
2019,'1034889',1015,,1188,6,,,0
2019,'1034891',927,,1189,6,,,0
2019,'1034896',1625,,1190,6,,,0
2019,'1034897',2256,,1191,6,,,0
2019,'1034898',1801,,1192,6,,,0
2019,'1034903',1333,,1193,6,,,0
2019,'1034909',1221,,1194,6,,,0
2019,'1034911',1421,,1195,6,,,0
2019,'1034912',903,,1196,6,,,0
2019,'1034913',1649,,1197,6,,,0
2019,'1034916',1849,,1198,6,,,0
2019,'1034917',1357,,1199,6,,,0
2019,'1034920',1601,,1200,6,,,0
2019,'1034923',1133,,1201,6,,,0
2019,'1034925',1309,,1202,6,,,0
2019,'1034927',645,,1203,6,,,0
2019,'1034935',754,,1204,6,,,0
2019,'1034942',1157,,1205,6,,,0
2019,'1034946',1109,,1206,6,,,0
2019,'1034955',1825,,1207,6,,,0
2019,'1034958',1911,,1208,6,,,0
2019,'1034960',2317,,1209,6,,,0
2019,'1034961',2111,,1210,6,,,0
2019,'1034966',2153,,1211,6,,,0
2019,'1034967',1956,,1212,6,,,0
2019,'1034968',2132,,1213,6,,,0
2019,'1034969',2050,,1214,6,,,0
2019,'1034973',1935,,1215,6,,,0
2019,'1034977',731,,1216,6,,,0
2019,'1034984',1713,,1217,6,,,0
2019,'1034985',1537,,1218,6,,,0
2019,'1034986',841,,1219,6,,,0
3019,'1034546',1903,,1014,6,4,,0
3019,'1034547',1116,,1015,6,4,,0
3019,'1034548',822,,1016,6,4,,0
3019,'1034549',1422,,1017,6,4,,0
3019,'1034551',1250,,1018,6,4,,0
3019,'1034552',2101,,1019,6,4,,0
3019,'1034553',1754,,1020,6,4,,0
3019,'1034554',1224,,1021,6,4,,0
3019,'1034555',713,,1022,6,4,,0
3019,'1034556',2146,,1023,6,4,,0
3019,'1034557',1838,,1024,6,4,,0
3019,'1034558',2212,,1025,6,4,,0
3019,'1034559',735,,1026,6,4,,0
3019,'1034561',1335,,1027,6,4,,0
3019,'1034562',2319,,1028,6,4,,0
3019,'1034564',646,,1029,6,4,,0
3019,'1034565',1508,,1030,6,4,,0
3019,'1034569',1643,,1031,6,4,,0
3019,'1034570',1558,,1032,6,4,,0
3019,'1034571',1535,,1033,6,4,,0
3019,'1034572',757,,1034,6,4,,0
3019,'1034573',2036,,1035,6,4,,0
3019,'1034574',1926,,1036,6,4,,0
3019,'1034575',1045,,1037,6,4,,0
3019,'1034576',1022,,1038,6,4,,0
3019,'1034577',846,,1039,6,4,,0
3019,'1034578',957,,1040,6,4,,0
3019,'1034579',1156,,1041,6,4,,0
3019,'1034580',1444,,1042,6,4,,0
3019,'1034581',2425,,1043,6,4,,0
3019,'1034583',1708,,1044,6,4,,0
3019,'1034584',1622,,1045,6,4,,0
3019,'1034585',1310,,1046,6,4,,0
3019,'1034586',1359,,1047,6,4,,0
3019,'1034587',1817,,1048,6,4,,0
3019,'1034589',933,,1049,6,4,,0
3019,'1034590',1951,,1050,6,4,,0
3019,'1034591',910,,1051,6,4,,0
3019,'1034593',1731,,1052,6,4,,0
3019,'1035421',1643,,1261,6,4,,0
3019,'1035422',1116,,1262,6,4,,0
3019,'1035445',957,,1263,6,4,,0
3019,'1035471',2036,,1264,6,4,,0
3019,'1035486',1045,,1265,6,4,,0
3019,'1035504',1444,,1266,6,4,,0
3019,'1035508',2146,,1267,6,4,,0
3019,'1035514',757,,1268,6,4,,0
3019,'1035519',1926,,1269,6,4,,0
3019,'1035528',1335,,1270,6,4,,0
3019,'1035529',1817,,1271,6,4,,0
3019,'1035547',646,,1272,6,4,,0
3019,'1035551',1622,,1273,6,4,,0
3019,'1035553',2212,,1274,6,4,,0
3019,'1035556',1250,,1275,6,4,,0
3019,'1035557',910,,1276,6,4,,0
3019,'1035563',1224,,1277,6,4,,0
3019,'1035580',846,,1278,6,4,,0
3019,'1035596',1022,,1279,6,4,,0
3019,'1035600',1156,,1280,6,4,,0
3019,'1035603',1535,,1281,6,4,,0
3019,'1035614',1754,,1282,6,4,,0
3019,'1035617',1952,,1283,6,4,,0
3019,'1035625',1731,,1284,6,4,,0
3019,'1035626',1903,,1285,6,4,,0
3019,'1035641',1838,,1286,6,4,,0
3019,'1035642',822,,1287,6,4,,0
3019,'1035646',2101,,1288,6,4,,0
3019,'1035650',1359,,1289,6,4,,0
3019,'1035657',1422,,1290,6,4,,0
3019,'1035671',2319,,1291,6,4,,0
3019,'1035673',2425,,1292,6,4,,0
3019,'1035680',1310,,1293,6,4,,0
3019,'1035687',1508,,1294,6,4,,0
3019,'1035694',1708,,1295,6,4,,0
3019,'1035700',933,,1296,6,4,,0
3019,'1035724',1558,,1297,6,4,,0
3019,'1035738',712,,1298,6,4,,0
3019,'1035740',735,,1299,6,4,,0
3029,'1033972',2222,,702,1,,,0
3029,'1034000',832,,704,1,,,0
3029,'1034001',613,,705,1,,,0
3029,'1034002',1409,,706,1,,,0
3029,'1034013',943,,709,1,,,0
3029,'1034021',636,,712,1,,,0
3029,'1034023',1518,,713,1,,,0
3029,'1034026',1323,,714,1,,,0
3029,'1034057',1939,,717,1,,,0
3029,'1034072',2002,,719,1,,,0
3029,'1034083',1827,,721,1,,,0
3029,'1034130',2113,,725,1,,,0
3029,'1034141',1739,,726,1,,,0
3029,'1034174',1607,,729,1,,,0
3029,'1034199',2049,,732,1,,,0
3029,'1034208',1017,,733,1,,,0
3029,'1034223',721,,736,1,,,0
3029,'1034231',658,,737,1,,,0
3029,'1034240',550,,740,1,,,0
3029,'1034266',1802,,744,1,,,0
3029,'1034271',1454,,745,1,,,0
3029,'1034272',809,,746,1,,,0
3029,'1034294',1300,,747,1,,,0
3029,'1034323',1432,,748,1,,,0
3029,'1034329',1125,,749,1,,,0
3029,'1034332',1716,,750,1,,,0
3029,'1034334',1057,,751,1,,,0
3029,'1034337',856,,752,1,,,0
3029,'1034338',920,,753,1,,,0
3029,'1034365',2329,,757,1,,,0
3029,'1034398',745,,761,1,,,0
3029,'1034418',1653,,762,1,,,0
3029,'1034419',1851,,763,1,,,0
3029,'1034420',1236,,764,1,,,0
3029,'1034426',1211,,767,1,,,0
3029,'1034431',1151,,770,1,,,0
3029,'1034448',1345,,773,1,,,0
3029,'1034455',1543,,774,1,,,0
3029,'1034463',1630,,775,1,,,0
3029,'1035424',1653,,1300,1,,,0
3029,'1035433',658,,1301,1,,,0
3029,'1035454',1739,,1302,1,,,0
3029,'1035455',1630,,1303,1,,,0
3029,'1035461',613,,1304,1,,,0
3029,'1035466',745,,1305,1,,,0
3029,'1035467',1454,,1306,1,,,0
3029,'1035469',1432,,1307,1,,,0
3029,'1035480',2222,,1308,1,,,0
3029,'1035487',1345,,1309,1,,,0
3029,'1035499',1802,,1310,1,,,0
3029,'1035510',1939,,1311,1,,,0
3029,'1035516',1236,,1312,1,,,0
3029,'1035522',943,,1313,1,,,0
3029,'1035525',856,,1314,1,,,0
3029,'1035535',1211,,1315,1,,,0
3029,'1035536',550,,1316,1,,,0
3029,'1035562',1125,,1317,1,,,0
3029,'1035574',1300,,1318,1,,,0
3029,'1035577',1323,,1319,1,,,0
3029,'1035592',1716,,1320,1,,,0
3029,'1035597',1543,,1321,1,,,0
3029,'1035608',636,,1322,1,,,0
3029,'1035631',1827,,1323,1,,,0
3029,'1035632',1518,,1324,1,,,0
3029,'1035634',2113,,1325,1,,,0
3029,'1035636',1851,,1326,1,,,0
3029,'1035637',1409,,1327,1,,,0
3029,'1035640',1151,,1328,1,,,0
3029,'1035652',1017,,1329,1,,,0
3029,'1035663',2002,,1330,1,,,0
3029,'1035668',1057,,1331,1,,,0
3029,'1035672',1607,,1332,1,,,0
3029,'1035689',721,,1333,1,,,0
3029,'1035690',832,,1334,1,,,0
3029,'1035691',2329,,1335,1,,,0
3029,'1035716',809,,1336,1,,,0
3029,'1035720',920,,1337,1,,,0
3029,'1035732',2049,,1338,1,,,0
6019,'1034657',1045,,1069,1,,,0
6019,'1034658',905,,1070,1,,,0
6019,'1034659',800,,1071,1,,,0
6019,'1034664',1010,,1076,1,,,0
6019,'1034665',1624,,1077,1,,,0
6019,'1034666',1549,,1078,1,,,0
6019,'1034667',1329,,1079,1,,,0
6019,'1034668',1254,,1080,1,,,0
6019,'1034670',1659,,1082,1,,,0
6019,'1034671',1115,,1083,1,,,0
6019,'1034673',1439,,1085,1,,,0
6019,'1034676',1943,,1088,1,,,0
6019,'1034679',1514,,1091,1,,,0
6019,'1034680',2010,,1092,1,,,0
6019,'1034682',1734,,1094,1,,,0
6019,'1034684',1404,,1096,1,,,0
6019,'1034688',1219,,1100,1,,,0
6019,'1034690',1909,,1102,1,,,0
6019,'1034691',1809,,1103,1,,,0
6029,'1034655',1504,,1067,9,4,,0
6029,'1034656',1539,,1068,9,4,,0
6029,'1034660',2107,,1072,9,4,,0
6029,'1034661',1939,,1073,9,4,,0
6029,'1034662',1614,,1074,9,4,,0
6029,'1034663',1724,,1075,9,4,,0
6029,'1034669',1759,,1081,9,4,,0
6029,'1034672',1834,,1084,9,4,,0
6029,'1034674',2040,,1086,9,4,,0
6029,'1034675',1242,,1087,9,4,,0
6029,'1034677',1429,,1089,9,4,,0
6029,'1034678',1319,,1090,9,4,,0
6029,'1034681',856,,1093,9,4,,0
6029,'1034683',1141,,1095,9,4,,0
6029,'1034685',1354,,1097,9,4,,0
6029,'1034686',1106,,1098,9,4,,0
6029,'1034687',2006,,1099,9,4,,0
6029,'1034689',1649,,1101,9,4,,0
6029,'1034692',1001,,1104,9,4,,0
9019,'1034601',1145,,1055,3,4,,0
9019,'1034602',1645,,1056,3,4,,0
9019,'1034604',1515,,1058,3,4,,0
9019,'1034606',1015,,1060,3,4,,0
9019,'1034607',1815,,1061,3,4,,0
9019,'1034608',1315,,1062,3,4,,0
9019,'1034609',1945,,1063,3,4,,0
9029,'1034599',900,,1053,1,,,0
9029,'1034600',1655,,1054,1,,,0
9029,'1034603',1155,,1057,1,,,0
9029,'1034605',1355,,1059,1,,,0
9029,'1034610',1525,,1064,1,,,0
9029,'1034611',1825,,1065,1,,,0
9029,'1034612',1025,,1066,1,,,0
240008019,'1033971',1541,,980,3,4,,0
240008019,'1033978',1638,,982,3,4,,0
240008019,'1034030',1446,,985,3,4,,0
240008019,'1034036',2105,,986,3,4,,0
240008019,'1034037',2000,,987,3,4,,0
240008019,'1034063',759,,989,3,4,,0
240008019,'1034168',1216,,993,3,4,,0
240008019,'1034238',859,,994,3,4,,0
240008019,'1034276',1121,,998,3,4,,0
240008019,'1034277',1813,,999,3,4,,0
240008019,'1034283',1306,,1001,3,4,,0
240008019,'1034286',1021,,1002,3,4,,0
240008019,'1034383',1910,,1006,3,4,,0
240008019,'1034388',1738,,1008,3,4,,0
240008019,'1034423',2154,,1009,3,4,,0
240008019,'1034440',1406,,1011,3,4,,0
240008019,'1034475',2334,,1013,3,4,,0
240008019,'1035436',2334,,1564,3,4,,0
240008019,'1035451',1601,,1565,3,4,,0
240008019,'1035494',1436,,1566,3,4,,0
240008019,'1035506',1246,,1567,3,4,,0
240008019,'1035538',2051,,1568,3,4,,0
240008019,'1035545',807,,1569,3,4,,0
240008019,'1035585',942,,1570,3,4,,0
240008019,'1035629',1734,,1571,3,4,,0
240008019,'1035666',1506,,1572,3,4,,0
240008019,'1035670',1216,,1573,3,4,,0
240008019,'1035675',1804,,1574,3,4,,0
240008019,'1035678',1321,,1575,3,4,,0
240008019,'1035693',1101,,1576,3,4,,0
240008019,'1035722',1831,,1577,3,4,,0
240008029,'1033973',1240,,981,1,,,0
240008029,'1033980',1330,,983,1,,,0
240008029,'1034003',1749,,984,1,,,0
240008029,'1034051',920,,988,1,,,0
240008029,'1034078',1527,,990,1,,,0
240008029,'1034123',1602,,991,1,,,0
240008029,'1034128',1427,,992,1,,,0
240008029,'1034252',1202,,995,1,,,0
240008029,'1034259',700,,996,1,,,0
240008029,'1034275',1854,,997,1,,,0
240008029,'1034281',1102,,1000,1,,,0
240008029,'1034316',1951,,1003,1,,,0
240008029,'1034345',1015,,1004,1,,,0
240008029,'1034359',2140,,1005,1,,,0
240008029,'1034384',600,,1007,1,,,0
240008029,'1034435',820,,1010,1,,,0
240008029,'1034452',1659,,1012,1,,,0
240008029,'1035423',1015,,1578,1,,,0
240008029,'1035439',1630,,1579,1,,,0
240008029,'1035450',1600,,1580,1,,,0
240008029,'1035463',745,,1581,1,,,0
240008029,'1035496',1235,,1582,1,,,0
240008029,'1035532',1120,,1583,1,,,0
240008029,'1035549',615,,1584,1,,,0
240008029,'1035589',1850,,1585,1,,,0
240008029,'1035611',2140,,1586,1,,,0
240008029,'1035612',1400,,1587,1,,,0
240008029,'1035653',1530,,1588,1,,,0
240008029,'1035656',900,,1589,1,,,0
240008029,'1035705',1045,,1590,1,,,0
240008029,'1035728',1305,,1591,1,,,0
