1019,'1033958',2136,,511,8,,,0
1019,'1033964',1613,,512,8,,,0
1019,'1033965',1723,,513,8,,,0
1019,'1033969',1832,,514,8,,,0
1019,'1033974',1651,,515,8,,,0
1019,'1033987',2228,,518,8,,,0
1019,'1034024',705,,524,8,,,0
1019,'1034043',2045,,528,8,,,0
1019,'1034052',1629,,530,8,,,0
1019,'1034065',1039,,532,8,,,0
1019,'1034066',1509,,533,8,,,0
1019,'1034088',1242,,535,8,,,0
1019,'1034095',1141,,536,8,,,0
1019,'1034096',1557,,537,8,,,0
1019,'1034101',1437,,538,8,,,0
1019,'1034105',1100,,539,8,,,0
1019,'1034108',1421,,540,8,,,0
1019,'1034112',1739,,542,8,,,0
1019,'1034124',2013,,544,8,,,0
1019,'1034134',519,,546,8,,,0
1019,'1034139',2110,,547,8,,,0
1019,'1034143',2320,,548,8,,,0
1019,'1034171',612,,550,8,,,0
1019,'1034179',1941,,551,8,,,0
1019,'1034182',2029,,553,8,,,0
1019,'1034191',1349,,555,8,,,0
1019,'1034233',1226,,559,8,,,0
1019,'1034234',639,,560,8,,,0
1019,'1034249',954,,565,8,,,0
1019,'1034250',1707,,566,8,,,0
1019,'1034268',1156,,571,8,,,0
1019,'1034282',830,,573,8,,,0
1019,'1034288',1525,,574,8,,,0
1019,'1034291',1816,,575,8,,,0
1019,'1034303',2202,,578,8,,,0
1019,'1034304',1017,,579,8,,,0
1019,'1034311',2254,,581,8,,,0
1019,'1034315',1453,,583,8,,,0
1019,'1034328',1541,,585,8,,,0
1019,'1034336',1848,,586,8,,,0
1019,'1034340',908,,587,8,,,0
1019,'1034342',1210,,588,8,,,0
1019,'1034362',1333,,591,8,,,0
1019,'1034363',734,,592,8,,,0
1019,'1034364',800,,593,8,,,0
1019,'1034379',1258,,597,8,,,0
1019,'1034385',1904,,598,8,,,0
1019,'1034391',929,,600,8,,,0
1019,'1034394',1317,,601,8,,,0
1019,'1034410',1125,,604,8,,,0
1019,'1034415',1800,,605,8,,,0
1019,'1034462',850,,611,8,,,0
1019,'1034469',1405,,613,8,,,0
1019,'1035428',1501,,1105,8,,,0
1019,'1035437',1219,,1106,8,,,0
1019,'1035441',1407,,1107,8,,,0
1019,'1035442',2128,,1108,8,,,0
1019,'1035443',2101,,1109,8,,,0
1019,'1035447',609,,1110,8,,,0
1019,'1035449',2302,,1111,8,,,0
1019,'1035479',1724,,1112,8,,,0
1019,'1035491',1318,,1113,8,,,0
1019,'1035520',1244,,1114,8,,,0
1019,'1035524',524,,1115,8,,,0
1019,'1035527',1152,,1116,8,,,0
1019,'1035541',1127,,1117,8,,,0
1019,'1035542',1343,,1118,8,,,0
1019,'1035543',2034,,1119,8,,,0
1019,'1035546',1822,,1120,8,,,0
1019,'1035548',1655,,1121,8,,,0
1019,'1035554',2237,,1122,8,,,0
1019,'1035555',1556,,1123,8,,,0
1019,'1035578',749,,1124,8,,,0
1019,'1035583',1754,,1125,8,,,0
1019,'1035590',1526,,1126,8,,,0
1019,'1035593',818,,1127,8,,,0
1019,'1035601',843,,1128,8,,,0
1019,'1035643',2150,,1129,8,,,0
1019,'1035655',1437,,1130,8,,,0
1019,'1035661',659,,1131,8,,,0
1019,'1035664',2215,,1132,8,,,0
1019,'1035674',1100,,1133,8,,,0
1019,'1035684',1035,,1134,8,,,0
1019,'1035702',1916,,1135,8,,,0
1019,'1035710',1005,,1136,8,,,0
1019,'1035717',1942,,1137,8,,,0
1019,'1035718',1625,,1138,8,,,0
1019,'1035723',724,,1139,8,,,0
1019,'1035731',909,,1140,8,,,0
1019,'1035733',1852,,1141,8,,,0
2029,'1033960',1439,,617,10,,,0
2029,'1033963',2217,,619,10,,,0
2029,'1033970',1315,,622,10,,,0
2029,'1033983',2247,,623,10,,,0
2029,'1033989',1936,,624,10,,,0
2029,'1033990',1730,,625,10,,,0
2029,'1034004',1605,,627,10,,,0
2029,'1034028',822,,630,10,,,0
2029,'1034034',1152,,632,10,,,0
2029,'1034044',2317,,633,10,,,0
2029,'1034064',852,,636,10,,,0
2029,'1034145',1213,,650,10,,,0
2029,'1034149',2341,,651,10,,,0
2029,'1034157',1749,,654,10,,,0
2029,'1034163',1543,,656,10,,,0
2029,'1034164',1059,,657,10,,,0
2029,'1034196',1708,,662,10,,,0
2029,'1034202',1957,,663,10,,,0
2029,'1034205',1647,,664,10,,,0
2029,'1034216',1418,,666,10,,,0
2029,'1034218',755,,667,10,,,0
2029,'1034226',1915,,668,10,,,0
2029,'1034227',1233,,669,10,,,0
2029,'1034230',1501,,671,10,,,0
2029,'1034273',2147,,672,10,,,0
2029,'1034278',2116,,673,10,,,0
2029,'1034285',951,,674,10,,,0
2029,'1034295',1126,,675,10,,,0
2029,'1034296',919,,676,10,,,0
2029,'1034297',1833,,677,10,,,0
2029,'1034308',2047,,679,10,,,0
2029,'1034325',1336,,682,10,,,0
2029,'1034326',728,,683,10,,,0
2029,'1034327',2021,,684,10,,,0
2029,'1034343',1022,,685,10,,,0
2029,'1034355',1626,,686,10,,,0
2029,'1034369',1522,,689,10,,,0
2029,'1034386',1254,,692,10,,,0
2029,'1034395',634,,694,10,,,0
2029,'1034414',1357,,696,10,,,0
2029,'1034433',1810,,697,10,,,0
2029,'1034477',1854,,700,10,,,0
2029,'1034864',1808,,1220,7,,,0
2029,'1034865',1252,,1221,7,,,0
2029,'1034869',2137,,1222,7,,,0
2029,'1034872',2240,,1223,7,,,0
2029,'1034876',2158,,1224,7,,,0
2029,'1034877',1608,,1225,7,,,0
2029,'1034882',1316,,1226,7,,,0
2029,'1034883',1140,,1227,7,,,0
2029,'1034893',1204,,1228,7,,,0
2029,'1034899',958,,1229,7,,,0
2029,'1034901',1744,,1230,7,,,0
2029,'1034902',628,,1231,7,,,0
2029,'1034908',1520,,1232,7,,,0
2029,'1034914',1544,,1233,7,,,0
2029,'1034919',1404,,1234,7,,,0
2029,'1034922',824,,1235,7,,,0
2029,'1034926',2301,,1236,7,,,0
2029,'1034929',1428,,1237,7,,,0
2029,'1034933',2116,,1238,7,,,0
2029,'1034938',1228,,1239,7,,,0
2029,'1034940',1456,,1240,7,,,0
2029,'1034944',738,,1241,7,,,0
2029,'1034945',1940,,1242,7,,,0
2029,'1034947',800,,1243,7,,,0
2029,'1034948',2055,,1244,7,,,0
2029,'1034950',1855,,1245,7,,,0
2029,'1034954',1919,,1246,7,,,0
2029,'1034956',1832,,1247,7,,,0
2029,'1034957',1720,,1248,7,,,0
2029,'1034959',1340,,1249,7,,,0
2029,'1034962',2034,,1250,7,,,0
2029,'1034963',714,,1251,7,,,0
2029,'1034964',1656,,1252,7,,,0
2029,'1034965',910,,1253,7,,,0
2029,'1034970',1052,,1254,7,,,0
2029,'1034971',2219,,1255,7,,,0
2029,'1034976',2322,,1256,7,,,0
2029,'1034979',1632,,1257,7,,,0
2029,'1034980',1116,,1258,7,,,0
2029,'1034987',934,,1259,7,,,0
2029,'1034988',846,,1260,7,,,0
4029,'1034010',906,,781,3,,,0
4029,'1034046',1449,,782,3,,,0
4029,'1034047',1158,,783,3,,,0
4029,'1034084',1402,,784,3,,,0
4029,'1034136',1022,,786,3,,,0
4029,'1034147',934,,787,3,,,0
4029,'1034177',1315,,789,3,,,0
4029,'1034197',1653,,791,3,,,0
4029,'1034373',1536,,793,3,,,0
4029,'1034436',1110,,795,3,,,0
