3029,'1033972',2243,,702,7,,,0
3029,'1034000',853,,704,7,,,0
3029,'1034001',634,,705,7,,,0
3029,'1034002',1430,,706,7,,,0
3029,'1034013',1004,,709,7,,,0
3029,'1034021',657,,712,7,,,0
3029,'1034023',1543,,713,7,,,0
3029,'1034026',1344,,714,7,,,0
3029,'1034057',2000,,717,7,,,0
3029,'1034072',2023,,719,7,,,0
3029,'1034083',1848,,721,7,,,0
3029,'1034130',2134,,725,7,,,0
3029,'1034141',1800,,726,7,,,0
3029,'1034174',1629,,729,7,,,0
3029,'1034199',2110,,732,7,,,0
3029,'1034208',1038,,733,7,,,0
3029,'1034223',742,,736,7,,,0
3029,'1034231',719,,737,7,,,0
3029,'1034240',611,,740,7,,,0
3029,'1034266',1823,,744,7,,,0
3029,'1034271',1519,,745,7,,,0
3029,'1034272',830,,746,7,,,0
3029,'1034294',1321,,747,7,,,0
3029,'1034323',1457,,748,7,,,0
3029,'1034329',1146,,749,7,,,0
3029,'1034332',1737,,750,7,,,0
3029,'1034334',1118,,751,7,,,0
3029,'1034337',917,,752,7,,,0
3029,'1034338',941,,753,7,,,0
3029,'1034365',2350,,757,7,,,0
3029,'1034398',806,,761,7,,,0
3029,'1034418',1715,,762,7,,,0
3029,'1034419',1912,,763,7,,,0
3029,'1034420',1257,,764,7,,,0
3029,'1034426',1232,,767,7,,,0
3029,'1034431',1212,,770,7,,,0
3029,'1034448',1406,,773,7,,,0
3029,'1034455',1605,,774,7,,,0
3029,'1034463',1652,,775,7,,,0
3029,'1035424',1715,,1300,7,,,0
3029,'1035433',719,,1301,7,,,0
3029,'1035454',1800,,1302,7,,,0
3029,'1035455',1652,,1303,7,,,0
3029,'1035461',634,,1304,7,,,0
3029,'1035466',806,,1305,7,,,0
3029,'1035467',1519,,1306,7,,,0
3029,'1035469',1457,,1307,7,,,0
3029,'1035480',2243,,1308,7,,,0
3029,'1035487',1406,,1309,7,,,0
3029,'1035499',1823,,1310,7,,,0
3029,'1035510',2000,,1311,7,,,0
3029,'1035516',1257,,1312,7,,,0
3029,'1035522',1004,,1313,7,,,0
3029,'1035525',917,,1314,7,,,0
3029,'1035535',1232,,1315,7,,,0
3029,'1035536',611,,1316,7,,,0
3029,'1035562',1146,,1317,7,,,0
3029,'1035574',1321,,1318,7,,,0
3029,'1035577',1344,,1319,7,,,0
3029,'1035592',1737,,1320,7,,,0
3029,'1035597',1605,,1321,7,,,0
3029,'1035608',657,,1322,7,,,0
3029,'1035631',1848,,1323,7,,,0
3029,'1035632',1543,,1324,7,,,0
3029,'1035634',2134,,1325,7,,,0
3029,'1035636',1912,,1326,7,,,0
3029,'1035637',1430,,1327,7,,,0
3029,'1035640',1212,,1328,7,,,0
3029,'1035652',1038,,1329,7,,,0
3029,'1035663',2023,,1330,7,,,0
3029,'1035668',1118,,1331,7,,,0
3029,'1035672',1629,,1332,7,,,0
3029,'1035689',742,,1333,7,,,0
3029,'1035690',853,,1334,7,,,0
3029,'1035691',2350,,1335,7,,,0
3029,'1035716',830,,1336,7,,,0
3029,'1035720',941,,1337,7,,,0
3029,'1035732',2110,,1338,7,,,0
12029,'1033998',1239,,851,17,,,0
12029,'1034029',1623,,852,17,,,0
12029,'1034109',857,,854,17,,,0
12029,'1034290',1343,,860,17,,,0
12029,'1034406',1001,,862,17,,,0
12029,'1034408',1105,,863,17,,,0
12029,'1034425',1728,,865,17,,,0
12029,'1034428',1448,,866,17,,,0
12029,'1034441',753,,868,6,,,0
12029,'1034696',1749,,1382,6,0,5 20,0
12029,'1034697',1029,,1383,6,0,5 20,0
12029,'1034698',1607,,1384,6,0,5 20,0
12029,'1034699',1142,,1385,6,0,5 20,0
12029,'1034700',902,,1386,6,0,5 20,0
12029,'1034702',1538,,1388,6,0,5 20,0
12029,'1034703',1833,,1389,6,0,5 20,0
12029,'1034704',1509,,1390,6,0,5 20,0
12029,'1034706',1211,,1392,6,0,5 20,0
12029,'1034714',1902,,1400,6,0,5 20,0
12029,'1034715',931,,1401,6,0,5 20,0
12029,'1034716',818,,1402,6,0,5 20,0
12029,'1034720',1720,,1406,6,0,5 20,0
12029,'1034722',1439,,1408,6,0,5 20,0
12029,'1034724',1651,,1410,6,0,5 20,0
12029,'1034725',1113,,1411,6,0,5 20,0
12029,'1034728',749,,1414,6,0,5 20,0
12029,'1034729',1000,,1415,6,0,5 20,0
12029,'1035431',1902,,1419,6,0,5 20,0
12029,'1035438',1720,,1421,6,0,5 20,0
12029,'1035460',1211,,1422,6,0,5 20,0
12029,'1035472',1749,,1423,6,0,5 20,0
12029,'1035489',1509,,1425,6,0,5 20,0
12029,'1035495',1651,,1427,6,0,5 20,0
12029,'1035515',902,,1429,6,0,5 20,0
12029,'1035531',931,,1430,6,0,5 20,0
12029,'1035540',1439,,1433,6,0,5 20,0
12029,'1035613',1142,,1437,6,0,5 20,0
12029,'1035615',1000,,1438,6,0,5 20,0
12029,'1035618',1833,,1439,6,0,5 20,0
12029,'1035619',1607,,1440,6,0,5 20,0
12029,'1035658',1029,,1443,6,0,5 20,0
12029,'1035659',1113,,1444,6,0,5 20,0
12029,'1035688',1538,,1446,6,0,5 20,0
12029,'1035695',749,,1448,6,0,5 20,0
12029,'1035711',818,,1450,6,0,5 20,0
30005029,'1033976',2352,,871,9,,,0
30005029,'1034033',722,,875,9,,,0
30005029,'1034035',756,,876,9,,,0
30005029,'1034067',1413,,881,9,,,0
30005029,'1034076',648,,882,9,,,0
30005029,'1034110',2124,,885,9,,,0
30005029,'1034148',1454,,888,9,,,0
30005029,'1034156',2315,,889,9,,,0
30005029,'1034169',906,,892,9,,,0
30005029,'1034184',2201,,895,9,,,0
30005029,'1034201',1819,,899,9,,,0
30005029,'1034225',1900,,901,9,,,0
30005029,'1034245',1738,,902,9,,,0
30005029,'1034287',942,,905,9,,,0
30005029,'1034350',2238,,907,9,,,0
30005029,'1034352',614,,908,9,,,0
30005029,'1034367',2047,,910,9,,,0
30005029,'1034377',1657,,912,9,,,0
30005029,'1034390',1022,,913,9,,,0
30005029,'1034399',1332,,914,9,,,0
30005029,'1034403',1535,,915,9,,,0
30005029,'1034404',1133,,916,9,,,0
30005029,'1034447',1213,,919,9,,,0
30005029,'1034470',1940,,921,9,,,0
30005029,'1034471',1616,,922,9,,,0
30005029,'1034472',1251,,923,9,,,0
30005029,'1034480',831,,924,9,,,0
30005029,'1035425',1616,,1482,9,,,0
30005029,'1035426',2124,,1483,9,,,0
30005029,'1035468',1454,,1484,9,,,0
30005029,'1035475',1133,,1485,9,,,0
30005029,'1035481',2315,,1486,9,,,0
30005029,'1035484',1738,,1487,9,,,0
30005029,'1035493',2352,,1488,9,,,0
30005029,'1035503',2238,,1489,9,,,0
30005029,'1035511',756,,1490,9,,,0
30005029,'1035513',648,,1491,9,,,0
30005029,'1035544',1332,,1492,9,,,0
30005029,'1035565',2201,,1493,9,,,0
30005029,'1035572',1900,,1494,9,,,0
30005029,'1035575',614,,1495,9,,,0
30005029,'1035598',1657,,1496,9,,,0
30005029,'1035599',906,,1497,9,,,0
30005029,'1035606',1022,,1498,9,,,0
30005029,'1035609',942,,1499,9,,,0
30005029,'1035616',1535,,1500,9,,,0
30005029,'1035638',1213,,1501,9,,,0
30005029,'1035644',1413,,1502,9,,,0
30005029,'1035660',2047,,1503,9,,,0
30005029,'1035704',831,,1504,9,,,0
30005029,'1035726',1940,,1505,9,,,0
30005029,'1035730',1251,,1506,9,,,0
30005029,'1035741',722,,1507,9,,,0
30005029,'1035742',1819,,1508,9,,,0
