1019,'1033958',2126,,511,2,,,0
1019,'1033964',1602,,512,2,,,0
1019,'1033965',1712,,513,2,,,0
1019,'1033969',1822,,514,2,,,0
1019,'1033974',1640,,515,2,,,0
1019,'1033987',2218,,518,2,,,0
1019,'1034024',657,,524,2,,,0
1019,'1034043',2035,,528,2,,,0
1019,'1034052',1618,,530,2,,,0
1019,'1034065',1028,,532,2,,,0
1019,'1034066',1458,,533,2,,,0
1019,'1034088',1231,,535,2,,,0
1019,'1034095',1130,,536,2,,,0
1019,'1034096',1546,,537,2,,,0
1019,'1034101',1426,,538,2,,,0
1019,'1034105',1049,,539,2,,,0
1019,'1034108',1410,,540,2,,,0
1019,'1034112',1728,,542,2,,,0
1019,'1034124',2003,,544,2,,,0
1019,'1034134',511,,546,2,,,0
1019,'1034139',2100,,547,2,,,0
1019,'1034143',2310,,548,2,,,0
1019,'1034171',604,,550,2,,,0
1019,'1034179',1931,,551,2,,,0
1019,'1034182',2019,,553,2,,,0
1019,'1034191',1338,,555,2,,,0
1019,'1034233',1215,,559,2,,,0
1019,'1034234',631,,560,2,,,0
1019,'1034249',943,,565,2,,,0
1019,'1034250',1656,,566,2,,,0
1019,'1034268',1145,,571,2,,,0
1019,'1034282',819,,573,2,,,0
1019,'1034288',1514,,574,2,,,0
1019,'1034291',1806,,575,2,,,0
1019,'1034303',2152,,578,2,,,0
1019,'1034304',1006,,579,2,,,0
1019,'1034311',2244,,581,2,,,0
1019,'1034315',1442,,583,2,,,0
1019,'1034328',1530,,585,2,,,0
1019,'1034336',1838,,586,2,,,0
1019,'1034340',857,,587,2,,,0
1019,'1034342',1159,,588,2,,,0
1019,'1034362',1322,,591,2,,,0
1019,'1034363',726,,592,2,,,0
1019,'1034364',752,,593,2,,,0
1019,'1034379',1247,,597,2,,,0
1019,'1034385',1854,,598,2,,,0
1019,'1034391',918,,600,2,,,0
1019,'1034394',1306,,601,2,,,0
1019,'1034410',1114,,604,2,,,0
1019,'1034415',1750,,605,2,,,0
1019,'1034462',839,,611,2,,,0
1019,'1034469',1354,,613,2,,,0
1019,'1035428',1451,,1105,2,,,0
1019,'1035437',1209,,1106,2,,,0
1019,'1035441',1357,,1107,2,,,0
1019,'1035442',2119,,1108,2,,,0
1019,'1035443',2052,,1109,2,,,0
1019,'1035447',601,,1110,2,,,0
1019,'1035449',2253,,1111,2,,,0
1019,'1035479',1714,,1112,2,,,0
1019,'1035491',1308,,1113,2,,,0
1019,'1035520',1234,,1114,2,,,0
1019,'1035524',516,,1115,2,,,0
1019,'1035527',1142,,1116,2,,,0
1019,'1035541',1117,,1117,2,,,0
1019,'1035542',1333,,1118,2,,,0
1019,'1035543',2025,,1119,2,,,0
1019,'1035546',1813,,1120,2,,,0
1019,'1035548',1645,,1121,2,,,0
1019,'1035554',2228,,1122,2,,,0
1019,'1035555',1546,,1123,2,,,0
1019,'1035578',741,,1124,2,,,0
1019,'1035583',1744,,1125,2,,,0
1019,'1035590',1516,,1126,2,,,0
1019,'1035593',808,,1127,2,,,0
1019,'1035601',833,,1128,2,,,0
1019,'1035643',2141,,1129,2,,,0
1019,'1035655',1427,,1130,2,,,0
1019,'1035661',651,,1131,2,,,0
1019,'1035664',2206,,1132,2,,,0
1019,'1035674',1050,,1133,2,,,0
1019,'1035684',1025,,1134,2,,,0
1019,'1035702',1907,,1135,2,,,0
1019,'1035710',955,,1136,2,,,0
1019,'1035717',1933,,1137,2,,,0
1019,'1035718',1615,,1138,2,,,0
1019,'1035723',716,,1139,2,,,0
1019,'1035731',859,,1140,2,,,0
1019,'1035733',1843,,1141,2,,,0
3019,'1034546',1900,,1014,5,4,,0
3019,'1034547',1113,,1015,5,4,,0
3019,'1034548',819,,1016,5,4,,0
3019,'1034549',1419,,1017,5,4,,0
3019,'1034551',1247,,1018,5,4,,0
3019,'1034552',2059,,1019,5,4,,0
3019,'1034553',1751,,1020,5,4,,0
3019,'1034554',1221,,1021,5,4,,0
3019,'1034555',710,,1022,5,4,,0
3019,'1034556',2144,,1023,5,4,,0
3019,'1034557',1835,,1024,5,4,,0
3019,'1034558',2210,,1025,5,4,,0
3019,'1034559',732,,1026,5,4,,0
3019,'1034561',1332,,1027,5,4,,0
3019,'1034562',2317,,1028,5,4,,0
3019,'1034564',644,,1029,5,4,,0
3019,'1034565',1505,,1030,5,4,,0
3019,'1034569',1640,,1031,5,4,,0
3019,'1034570',1555,,1032,5,4,,0
3019,'1034571',1532,,1033,5,4,,0
3019,'1034572',754,,1034,5,4,,0
3019,'1034573',2034,,1035,5,4,,0
3019,'1034574',1923,,1036,5,4,,0
3019,'1034575',1042,,1037,5,4,,0
3019,'1034576',1019,,1038,5,4,,0
3019,'1034577',843,,1039,5,4,,0
3019,'1034578',954,,1040,5,4,,0
3019,'1034579',1153,,1041,5,4,,0
3019,'1034580',1441,,1042,5,4,,0
3019,'1034581',2423,,1043,5,4,,0
3019,'1034583',1705,,1044,5,4,,0
3019,'1034584',1619,,1045,5,4,,0
3019,'1034585',1307,,1046,5,4,,0
3019,'1034586',1356,,1047,5,4,,0
3019,'1034587',1814,,1048,5,4,,0
3019,'1034589',930,,1049,5,4,,0
3019,'1034590',1949,,1050,5,4,,0
3019,'1034591',907,,1051,5,4,,0
3019,'1034593',1728,,1052,5,4,,0
3019,'1035421',1640,,1261,5,4,,0
3019,'1035422',1113,,1262,5,4,,0
3019,'1035445',954,,1263,5,4,,0
3019,'1035471',2034,,1264,5,4,,0
3019,'1035486',1042,,1265,5,4,,0
3019,'1035504',1441,,1266,5,4,,0
3019,'1035508',2144,,1267,5,4,,0
3019,'1035514',754,,1268,5,4,,0
3019,'1035519',1923,,1269,5,4,,0
3019,'1035528',1332,,1270,5,4,,0
3019,'1035529',1814,,1271,5,4,,0
3019,'1035547',644,,1272,5,4,,0
3019,'1035551',1619,,1273,5,4,,0
3019,'1035553',2210,,1274,5,4,,0
3019,'1035556',1247,,1275,5,4,,0
3019,'1035557',907,,1276,5,4,,0
3019,'1035563',1221,,1277,5,4,,0
3019,'1035580',843,,1278,5,4,,0
3019,'1035596',1019,,1279,5,4,,0
3019,'1035600',1153,,1280,5,4,,0
3019,'1035603',1532,,1281,5,4,,0
3019,'1035614',1751,,1282,5,4,,0
3019,'1035617',1949,,1283,5,4,,0
3019,'1035625',1728,,1284,5,4,,0
3019,'1035626',1900,,1285,5,4,,0
3019,'1035641',1835,,1286,5,4,,0
3019,'1035642',819,,1287,5,4,,0
3019,'1035646',2059,,1288,5,4,,0
3019,'1035650',1356,,1289,5,4,,0
3019,'1035657',1419,,1290,5,4,,0
3019,'1035671',2317,,1291,5,4,,0
3019,'1035673',2423,,1292,5,4,,0
3019,'1035680',1307,,1293,5,4,,0
3019,'1035687',1505,,1294,5,4,,0
3019,'1035694',1705,,1295,5,4,,0
3019,'1035700',930,,1296,5,4,,0
3019,'1035724',1555,,1297,5,4,,0
3019,'1035738',710,,1298,5,4,,0
3019,'1035740',732,,1299,5,4,,0
6029,'1034655',1501,,1067,8,4,,0
6029,'1034656',1536,,1068,8,4,,0
6029,'1034660',2104,,1072,8,4,,0
6029,'1034661',1936,,1073,8,4,,0
6029,'1034662',1611,,1074,8,4,,0
6029,'1034663',1721,,1075,8,4,,0
6029,'1034669',1756,,1081,8,4,,0
6029,'1034672',1831,,1084,8,4,,0
6029,'1034674',2037,,1086,8,4,,0
6029,'1034675',1239,,1087,8,4,,0
6029,'1034677',1426,,1089,8,4,,0
6029,'1034678',1316,,1090,8,4,,0
6029,'1034681',853,,1093,8,4,,0
6029,'1034683',1138,,1095,8,4,,0
6029,'1034685',1351,,1097,8,4,,0
6029,'1034686',1103,,1098,8,4,,0
6029,'1034687',2003,,1099,8,4,,0
6029,'1034689',1646,,1101,8,4,,0
6029,'1034692',958,,1104,8,4,,0
7029,'1034953',635,,1377,2,,,0
