30005019,'1033957',1643,,870,13,,,0
30005019,'1033988',2302,,872,13,,,0
30005019,'1033996',2148,,873,13,,,0
30005019,'1033997',2111,,874,13,,,0
30005019,'1034038',1521,,877,13,,,0
30005019,'1034053',928,,878,13,,,0
30005019,'1034054',818,,879,13,,,0
30005019,'1034061',1440,,880,13,,,0
30005019,'1034077',743,,883,13,,,0
30005019,'1034091',1846,,884,13,,,0
30005019,'1034127',1159,,886,13,,,0
30005019,'1034138',2416,,887,13,,,0
30005019,'1034166',1724,,890,13,,,0
30005019,'1034167',2225,,891,13,,,0
30005019,'1034172',1602,,893,13,,,0
30005019,'1034173',1359,,894,13,,,0
30005019,'1034193',1805,,896,13,,,0
30005019,'1034198',635,,897,13,,,0
30005019,'1034200',709,,898,13,,,0
30005019,'1034204',1318,,900,13,,,0
30005019,'1034253',601,,903,10,,,0
30005019,'1034284',2034,,904,13,,,0
30005019,'1034333',1237,,906,13,,,0
30005019,'1034356',1119,,909,13,,,0
30005019,'1034375',2339,,911,13,,,0
30005019,'1034413',853,,917,13,,,0
30005019,'1034445',1008,,918,13,,,0
30005019,'1034464',1927,,920,13,,,0
30005019,'1035435',818,,1454,13,,,0
30005019,'1035446',928,,1455,13,,,0
30005019,'1035485',635,,1456,13,,,0
30005019,'1035500',743,,1457,13,,,0
30005019,'1035523',2339,,1458,13,,,0
30005019,'1035526',2034,,1459,13,,,0
30005019,'1035533',1237,,1460,13,,,0
30005019,'1035552',1119,,1461,13,,,0
30005019,'1035558',2225,,1462,13,,,0
30005019,'1035560',1846,,1463,13,,,0
30005019,'1035564',1602,,1464,13,,,0
30005019,'1035566',1440,,1465,13,,,0
30005019,'1035571',2111,,1466,13,,,0
30005019,'1035584',2416,,1467,13,,,0
30005019,'1035622',853,,1468,13,,,0
30005019,'1035628',1805,,1469,13,,,0
30005019,'1035630',1724,,1470,13,,,0
30005019,'1035665',709,,1471,13,,,0
30005019,'1035676',1159,,1472,13,,,0
30005019,'1035679',1318,,1473,13,,,0
30005019,'1035685',1359,,1474,13,,,0
30005019,'1035701',1643,,1475,13,,,0
30005019,'1035713',601,,1476,10,,,0
30005019,'1035721',2148,,1477,13,,,0
30005019,'1035727',1927,,1478,13,,,0
30005019,'1035736',2302,,1479,13,,,0
30005019,'1035737',1008,,1480,13,,,0
30005019,'1035739',1521,,1481,13,,,0
