1029,'1033981',2330,,516,13,4,,0
1029,'1034007',713,,520,13,4,,0
1029,'1034018',739,,523,13,4,,0
1029,'1034027',646,,525,13,4,,0
1029,'1034040',1715,,527,13,4,,0
1029,'1034060',1311,,531,13,4,,0
1029,'1034180',1912,,552,13,4,,0
1029,'1034183',1737,,554,13,4,,0
1029,'1034239',1627,,561,13,4,,0
1029,'1034241',1659,,562,13,4,,0
1029,'1034248',834,,564,13,4,,0
1029,'1034300',553,,577,13,4,,0
1029,'1034307',1825,,580,13,4,,0
1029,'1034346',2106,,589,13,4,,0
1029,'1034371',1753,,595,13,4,,0
1029,'1034387',1809,,599,13,4,,0
1029,'1034402',2357,,603,13,4,,0
1029,'1034444',808,,610,13,4,,0
1029,'1034476',1255,,614,13,4,,0
1029,'1034479',1643,,616,13,4,,0
1029,'1035453',638,,1146,13,4,,0
1029,'1035470',1702,,1148,13,4,,0
1029,'1035478',1321,,1150,13,4,,0
1029,'1035482',1732,,1151,13,4,,0
1029,'1035483',1603,,1152,13,4,,0
1029,'1035502',1831,,1154,13,4,,0
1029,'1035505',728,,1155,13,4,,0
1029,'1035509',1633,,1156,13,4,,0
1029,'1035518',753,,1158,13,4,,0
1029,'1035573',1801,,1162,13,4,,0
1029,'1035582',818,,1163,13,4,,0
1029,'1035682',2335,,1169,13,4,,0
1029,'1035707',1256,,1174,13,4,,0
1029,'1035715',552,,1177,13,4,,0
1029,'1035745',2310,,1178,13,4,,0
