7019,'1034866',816,,1339,7,,,0
7019,'1034884',658,,1340,7,,,0
7019,'1034885',1437,,1341,7,,,0
7019,'1034894',737,,1342,7,,,0
7019,'1034895',1940,,1343,7,,,0
7019,'1034900',1236,,1344,7,,,0
7019,'1034904',1638,,1345,7,,,0
7019,'1034907',930,,1346,7,,,0
7019,'1034915',851,,1347,7,,,0
7019,'1034918',1713,,1348,7,,,0
7019,'1034921',1048,,1349,7,,,0
7019,'1034924',1315,,1350,7,,,0
7019,'1034928',1516,,1351,7,,,0
7019,'1034930',1555,,1352,7,,,0
7019,'1034931',1901,,1353,7,,,0
7019,'1034932',1752,,1354,7,,,0
7019,'1034934',1009,,1355,7,,,0
7019,'1034943',2017,,1356,7,,,0
7019,'1034972',2052,,1357,7,,,0
7019,'1034975',1354,,1358,7,,,0
7019,'1034983',1157,,1359,7,,,0
