7029,'1034873',1255,,1360,7,,,0
7029,'1034875',1334,,1361,7,,,0
7029,'1034880',833,,1362,7,,,0
7029,'1034887',949,,1363,7,,,0
7029,'1034888',1417,,1364,7,,,0
7029,'1034890',717,,1365,7,,,0
7029,'1034892',1616,,1366,7,,,0
7029,'1034905',2034,,1367,7,,,0
7029,'1034906',1841,,1368,7,,,0
7029,'1034910',1137,,1369,7,,,0
7029,'1034936',1655,,1370,7,,,0
7029,'1034937',1535,,1371,7,,,0
7029,'1034939',910,,1372,7,,,0
7029,'1034941',1456,,1373,7,,,0
7029,'1034949',2109,,1374,7,,,0
7029,'1034951',1732,,1375,7,,,0
7029,'1034952',1959,,1376,7,,,0
7029,'1034953',641,,1377,6,,,0
7029,'1034974',1216,,1378,7,,,0
7029,'1034978',1028,,1379,7,,,0
7029,'1034981',756,,1380,7,,,0
7029,'1034982',1920,,1381,7,,,0
