3019,'1034546',1833,,1014,1,,,0
3019,'1034547',1046,,1015,1,,,0
3019,'1034548',753,,1016,1,,,0
3019,'1034549',1352,,1017,1,,,0
3019,'1034551',1220,,1018,1,,,0
3019,'1034552',2033,,1019,1,,,0
3019,'1034553',1723,,1020,1,,,0
3019,'1034554',1154,,1021,1,,,0
3019,'1034555',645,,1022,1,,,0
3019,'1034556',2118,,1023,1,,,0
3019,'1034557',1808,,1024,1,,,0
3019,'1034558',2144,,1025,1,,,0
3019,'1034559',706,,1026,1,,,0
3019,'1034561',1305,,1027,1,,,0
3019,'1034562',2251,,1028,1,,,0
3019,'1034564',619,,1029,1,,,0
3019,'1034565',1438,,1030,1,,,0
3019,'1034569',1612,,1031,1,,,0
3019,'1034570',1527,,1032,1,,,0
3019,'1034571',1504,,1033,1,,,0
3019,'1034572',728,,1034,1,,,0
3019,'1034573',2008,,1035,1,,,0
3019,'1034574',1856,,1036,1,,,0
3019,'1034575',1015,,1037,1,,,0
3019,'1034576',952,,1038,1,,,0
3019,'1034577',817,,1039,1,,,0
3019,'1034578',928,,1040,1,,,0
3019,'1034579',1126,,1041,1,,,0
3019,'1034580',1414,,1042,1,,,0
3019,'1034581',2357,,1043,1,,,0
3019,'1034583',1637,,1044,1,,,0
3019,'1034584',1551,,1045,1,,,0
3019,'1034585',1240,,1046,1,,,0
3019,'1034586',1329,,1047,1,,,0
3019,'1034587',1747,,1048,1,,,0
3019,'1034589',904,,1049,1,,,0
3019,'1034590',1922,,1050,1,,,0
3019,'1034591',841,,1051,1,,,0
3019,'1034593',1700,,1052,1,,,0
3019,'1035421',1612,,1261,1,,,0
3019,'1035422',1046,,1262,1,,,0
3019,'1035445',928,,1263,1,,,0
3019,'1035471',2008,,1264,1,,,0
3019,'1035486',1015,,1265,1,,,0
3019,'1035504',1414,,1266,1,,,0
3019,'1035508',2118,,1267,1,,,0
3019,'1035514',728,,1268,1,,,0
3019,'1035519',1856,,1269,1,,,0
3019,'1035528',1305,,1270,1,,,0
3019,'1035529',1747,,1271,1,,,0
3019,'1035547',619,,1272,1,,,0
3019,'1035551',1551,,1273,1,,,0
3019,'1035553',2144,,1274,1,,,0
3019,'1035556',1220,,1275,1,,,0
3019,'1035557',841,,1276,1,,,0
3019,'1035563',1154,,1277,1,,,0
3019,'1035580',817,,1278,1,,,0
3019,'1035596',952,,1279,1,,,0
3019,'1035600',1126,,1280,1,,,0
3019,'1035603',1504,,1281,1,,,0
3019,'1035614',1723,,1282,1,,,0
3019,'1035617',1922,,1283,1,,,0
3019,'1035625',1700,,1284,1,,,0
3019,'1035626',1833,,1285,1,,,0
3019,'1035641',1808,,1286,1,,,0
3019,'1035642',753,,1287,1,,,0
3019,'1035646',2033,,1288,1,,,0
3019,'1035650',1329,,1289,1,,,0
3019,'1035657',1352,,1290,1,,,0
3019,'1035671',2251,,1291,1,,,0
3019,'1035673',2357,,1292,1,,,0
3019,'1035680',1240,,1293,1,,,0
3019,'1035687',1438,,1294,1,,,0
3019,'1035694',1637,,1295,1,,,0
3019,'1035700',904,,1296,1,,,0
3019,'1035724',1527,,1297,1,,,0
3019,'1035738',645,,1298,1,,,0
3019,'1035740',706,,1299,1,,,0
3029,'1033972',2245,,702,9,4,,0
3029,'1034000',855,,704,9,4,,0
3029,'1034001',636,,705,9,4,,0
3029,'1034002',1432,,706,9,4,,0
3029,'1034013',1006,,709,9,4,,0
3029,'1034021',659,,712,9,4,,0
3029,'1034023',1545,,713,9,4,,0
3029,'1034026',1346,,714,9,4,,0
3029,'1034057',2002,,717,9,4,,0
3029,'1034072',2025,,719,9,4,,0
3029,'1034083',1850,,721,9,4,,0
3029,'1034130',2136,,725,9,4,,0
3029,'1034141',1802,,726,9,4,,0
3029,'1034174',1631,,729,9,4,,0
3029,'1034199',2112,,732,9,4,,0
3029,'1034208',1040,,733,9,4,,0
3029,'1034223',744,,736,9,4,,0
3029,'1034231',721,,737,9,4,,0
3029,'1034240',613,,740,9,4,,0
3029,'1034266',1825,,744,9,4,,0
3029,'1034271',1521,,745,9,4,,0
3029,'1034272',832,,746,9,4,,0
3029,'1034294',1323,,747,9,4,,0
3029,'1034323',1459,,748,9,4,,0
3029,'1034329',1148,,749,9,4,,0
3029,'1034332',1739,,750,9,4,,0
3029,'1034334',1120,,751,9,4,,0
3029,'1034337',919,,752,9,4,,0
3029,'1034338',943,,753,9,4,,0
3029,'1034365',2352,,757,9,4,,0
3029,'1034398',808,,761,9,4,,0
3029,'1034418',1717,,762,9,4,,0
3029,'1034419',1914,,763,9,4,,0
3029,'1034420',1259,,764,9,4,,0
3029,'1034426',1234,,767,9,4,,0
3029,'1034431',1214,,770,9,4,,0
3029,'1034448',1408,,773,9,4,,0
3029,'1034455',1607,,774,9,4,,0
3029,'1034463',1654,,775,9,4,,0
3029,'1035424',1717,,1300,9,4,,0
3029,'1035433',721,,1301,9,4,,0
3029,'1035454',1802,,1302,9,4,,0
3029,'1035455',1654,,1303,9,4,,0
3029,'1035461',636,,1304,9,4,,0
3029,'1035466',808,,1305,9,4,,0
3029,'1035467',1521,,1306,9,4,,0
3029,'1035469',1459,,1307,9,4,,0
3029,'1035480',2245,,1308,9,4,,0
3029,'1035487',1408,,1309,9,4,,0
3029,'1035499',1825,,1310,9,4,,0
3029,'1035510',2002,,1311,9,4,,0
3029,'1035516',1259,,1312,9,4,,0
3029,'1035522',1006,,1313,9,4,,0
3029,'1035525',919,,1314,9,4,,0
3029,'1035535',1234,,1315,9,4,,0
3029,'1035536',613,,1316,9,4,,0
3029,'1035562',1148,,1317,9,4,,0
3029,'1035574',1323,,1318,9,4,,0
3029,'1035577',1346,,1319,9,4,,0
3029,'1035592',1739,,1320,9,4,,0
3029,'1035597',1607,,1321,9,4,,0
3029,'1035608',659,,1322,9,4,,0
3029,'1035631',1850,,1323,9,4,,0
3029,'1035632',1545,,1324,9,4,,0
3029,'1035634',2136,,1325,9,4,,0
3029,'1035636',1914,,1326,9,4,,0
3029,'1035637',1432,,1327,9,4,,0
3029,'1035640',1214,,1328,9,4,,0
3029,'1035652',1040,,1329,9,4,,0
3029,'1035663',2025,,1330,9,4,,0
3029,'1035668',1120,,1331,9,4,,0
3029,'1035672',1631,,1332,9,4,,0
3029,'1035689',744,,1333,9,4,,0
3029,'1035690',855,,1334,9,4,,0
3029,'1035691',2352,,1335,9,4,,0
3029,'1035716',832,,1336,9,4,,0
3029,'1035720',943,,1337,9,4,,0
3029,'1035732',2112,,1338,9,4,,0
12019,'1034073',1349,,853,1,,,0
12019,'1034126',759,,855,1,,,0
12019,'1034222',1141,,857,1,,,0
12019,'1034244',1524,,858,1,,,0
12019,'1034247',1245,,859,1,,,0
12019,'1034305',1007,,861,1,,,0
12019,'1034411',1734,,864,1,,,0
12019,'1034432',903,,867,1,,,0
12019,'1034454',1629,,869,1,,,0
12029,'1033998',1220,4,851,7,,,0,21,,851,19,4,,0
12029,'1034029',1603,44,852,7,,,0,22,,852,19,4,,0
12029,'1034109',838,4,854,7,,,0,21,,854,19,4,,0
12029,'1034152',1809,,856,7,4,,0
12029,'1034290',1324,4,860,7,,,0,21,,860,19,4,,0
12029,'1034406',942,4,862,7,,,0,61,,862,19,4,,0
12029,'1034408',1046,4,863,7,,,0,61,,863,19,4,,0
12029,'1034425',1708,4,865,7,,,0,22,,865,19,4,,0
12029,'1034428',1428,4,866,7,,,0,22,,866,19,4,,0
12029,'1034441',755,,868,8,4,,0
12029,'1034696',1751,,1382,8,4,,0
12029,'1034697',1031,,1383,8,4,,0
12029,'1034698',1609,,1384,8,4,,0
12029,'1034699',1144,,1385,8,4,,0
12029,'1034700',904,,1386,8,4,,0
12029,'1034701',1838,,1387,1,0,27,0
12029,'1034702',1540,,1388,8,4,,0
12029,'1034703',1835,,1389,8,4,,0
12029,'1034704',1511,,1390,8,4,,0
12029,'1034705',1005,,1391,1,0,27,0
12029,'1034706',1213,,1392,8,4,,0
12029,'1034707',1627,,1393,1,0,27,0
12029,'1034708',1216,,1394,1,0,27,0
12029,'1034709',1725,,1395,1,0,27,0
12029,'1034710',754,,1396,1,0,27,0
12029,'1034711',1118,,1397,1,0,27,0
12029,'1034712',1514,,1398,1,0,27,0
12029,'1034713',1907,,1399,1,0,27,0
12029,'1034714',1904,,1400,8,4,,0
12029,'1034715',933,,1401,8,4,,0
12029,'1034716',820,,1402,8,4,,0
12029,'1034717',1656,,1403,1,0,27,0
12029,'1034718',1147,,1404,1,0,27,0
12029,'1034719',1034,,1405,1,0,27,0
12029,'1034720',1722,,1406,8,4,,0
12029,'1034721',1444,,1407,1,0,27,0
12029,'1034722',1441,,1408,8,4,,0
12029,'1034723',1754,,1409,1,0,27,0
12029,'1034724',1653,,1410,8,4,,0
12029,'1034725',1115,,1411,8,4,,0
12029,'1034726',907,,1412,1,0,27,0
12029,'1034727',1543,,1413,1,0,27,0
12029,'1034728',751,,1414,8,4,,0
12029,'1034729',1002,,1415,8,4,,0
12029,'1034730',936,,1416,1,0,27,0
12029,'1034731',838,,1417,1,0,27,0
12029,'1035429',1627,,1418,1,0,27,0
12029,'1035431',1904,,1419,8,4,,0
12029,'1035434',1034,,1420,1,0,27,0
12029,'1035438',1722,,1421,8,4,,0
12029,'1035460',1213,,1422,8,4,,0
12029,'1035472',1751,,1423,8,4,,0
12029,'1035474',1514,,1424,1,0,27,0
12029,'1035489',1511,,1425,8,4,,0
12029,'1035490',1838,,1426,1,0,27,0
12029,'1035495',1653,,1427,8,4,,0
12029,'1035507',907,,1428,1,0,27,0
12029,'1035515',904,,1429,8,4,,0
12029,'1035531',933,,1430,8,4,,0
12029,'1035534',1725,,1431,1,0,27,0
12029,'1035537',1216,,1432,1,0,27,0
12029,'1035540',1441,,1433,8,4,,0
12029,'1035567',754,,1434,1,0,27,0
12029,'1035569',1543,,1435,1,0,27,0
12029,'1035570',1005,,1436,1,0,27,0
12029,'1035613',1144,,1437,8,4,,0
12029,'1035615',1002,,1438,8,4,,0
12029,'1035618',1835,,1439,8,4,,0
12029,'1035619',1609,,1440,8,4,,0
12029,'1035623',838,,1441,1,0,27,0
12029,'1035651',1444,,1442,1,0,27,0
12029,'1035658',1031,,1443,8,4,,0
12029,'1035659',1115,,1444,8,4,,0
12029,'1035681',936,,1445,1,0,27,0
12029,'1035688',1540,,1446,8,4,,0
12029,'1035692',1754,,1447,1,0,27,0
12029,'1035695',751,,1448,8,4,,0
12029,'1035703',1147,,1449,1,0,27,0
12029,'1035711',820,,1450,8,4,,0
12029,'1035714',1656,,1451,1,0,27,0
12029,'1035719',1907,,1452,1,0,27,0
12029,'1035729',1118,,1453,1,0,27,0
30005019,'1033957',1626,,870,1,,,0
30005019,'1033988',2248,,872,1,,,0
30005019,'1033996',2134,,873,1,,,0
30005019,'1033997',2057,,874,1,,,0
30005019,'1034038',1504,,877,1,,,0
30005019,'1034053',915,,878,1,,,0
30005019,'1034054',805,,879,1,,,0
30005019,'1034061',1423,,880,1,,,0
30005019,'1034077',730,,883,1,,,0
30005019,'1034091',1829,,884,1,,,0
30005019,'1034127',1143,,886,1,,,0
30005019,'1034138',2402,,887,1,,,0
30005019,'1034166',1707,,890,1,,,0
30005019,'1034167',2211,,891,1,,,0
30005019,'1034172',1545,,893,1,,,0
30005019,'1034173',1342,,894,1,,,0
30005019,'1034193',1748,,896,1,,,0
30005019,'1034198',622,,897,1,,,0
30005019,'1034200',656,,898,1,,,0
30005019,'1034204',1301,,900,1,,,0
30005019,'1034284',2020,,904,1,,,0
30005019,'1034333',1221,,906,1,,,0
30005019,'1034356',1103,,909,1,,,0
30005019,'1034375',2325,,911,1,,,0
30005019,'1034413',840,,917,1,,,0
30005019,'1034445',952,,918,1,,,0
30005019,'1034464',1910,,920,1,,,0
30005019,'1035435',805,,1454,1,,,0
30005019,'1035446',915,,1455,1,,,0
30005019,'1035485',622,,1456,1,,,0
30005019,'1035500',730,,1457,1,,,0
30005019,'1035523',2325,,1458,1,,,0
30005019,'1035526',2020,,1459,1,,,0
30005019,'1035533',1221,,1460,1,,,0
30005019,'1035552',1103,,1461,1,,,0
30005019,'1035558',2211,,1462,1,,,0
30005019,'1035560',1829,,1463,1,,,0
30005019,'1035564',1545,,1464,1,,,0
30005019,'1035566',1423,,1465,1,,,0
30005019,'1035571',2057,,1466,1,,,0
30005019,'1035584',2402,,1467,1,,,0
30005019,'1035622',840,,1468,1,,,0
30005019,'1035628',1748,,1469,1,,,0
30005019,'1035630',1707,,1470,1,,,0
30005019,'1035665',656,,1471,1,,,0
30005019,'1035676',1143,,1472,1,,,0
30005019,'1035679',1301,,1473,1,,,0
30005019,'1035685',1342,,1474,1,,,0
30005019,'1035701',1626,,1475,1,,,0
30005019,'1035721',2134,,1477,1,,,0
30005019,'1035727',1910,,1478,1,,,0
30005019,'1035736',2248,,1479,1,,,0
30005019,'1035737',952,,1480,1,,,0
30005019,'1035739',1504,,1481,1,,,0
30005029,'1033976',2355,,871,11,4,,0
30005029,'1034033',724,,875,11,4,,0
30005029,'1034035',758,,876,11,4,,0
30005029,'1034067',1416,,881,11,4,,0
30005029,'1034076',650,,882,11,4,,0
30005029,'1034110',2127,,885,11,4,,0
30005029,'1034148',1457,,888,11,4,,0
30005029,'1034156',2318,,889,11,4,,0
30005029,'1034169',908,,892,11,4,,0
30005029,'1034184',2204,,895,11,4,,0
30005029,'1034201',1822,,899,11,4,,0
30005029,'1034225',1903,,901,11,4,,0
30005029,'1034245',1741,,902,11,4,,0
30005029,'1034287',945,,905,11,4,,0
30005029,'1034350',2241,,907,11,4,,0
30005029,'1034352',616,,908,11,4,,0
30005029,'1034367',2050,,910,11,4,,0
30005029,'1034377',1700,,912,11,4,,0
30005029,'1034390',1025,,913,11,4,,0
30005029,'1034399',1335,,914,11,4,,0
30005029,'1034403',1538,,915,11,4,,0
30005029,'1034404',1136,,916,11,4,,0
30005029,'1034447',1216,,919,11,4,,0
30005029,'1034470',1943,,921,11,4,,0
30005029,'1034471',1619,,922,11,4,,0
30005029,'1034472',1254,,923,11,4,,0
30005029,'1034480',833,,924,11,4,,0
30005029,'1035425',1619,,1482,11,4,,0
30005029,'1035426',2127,,1483,11,4,,0
30005029,'1035468',1457,,1484,11,4,,0
30005029,'1035475',1136,,1485,11,4,,0
30005029,'1035481',2318,,1486,11,4,,0
30005029,'1035484',1741,,1487,11,4,,0
30005029,'1035493',2355,,1488,11,4,,0
30005029,'1035503',2241,,1489,11,4,,0
30005029,'1035511',758,,1490,11,4,,0
30005029,'1035513',650,,1491,11,4,,0
30005029,'1035544',1335,,1492,11,4,,0
30005029,'1035565',2204,,1493,11,4,,0
30005029,'1035572',1903,,1494,11,4,,0
30005029,'1035575',616,,1495,11,4,,0
30005029,'1035598',1700,,1496,11,4,,0
30005029,'1035599',908,,1497,11,4,,0
30005029,'1035606',1025,,1498,11,4,,0
30005029,'1035609',945,,1499,11,4,,0
30005029,'1035616',1538,,1500,11,4,,0
30005029,'1035638',1216,,1501,11,4,,0
30005029,'1035644',1416,,1502,11,4,,0
30005029,'1035660',2050,,1503,11,4,,0
30005029,'1035704',833,,1504,11,4,,0
30005029,'1035726',1943,,1505,11,4,,0
30005029,'1035730',1254,,1506,11,4,,0
30005029,'1035741',724,,1507,11,4,,0
30005029,'1035742',1822,,1508,11,4,,0
