200005019,'1033977',1442,,925,3,,,0
200005019,'1033982',823,,926,3,,,0
200005019,'1033995',2112,,928,3,,,0
200005019,'1034075',936,,933,3,,,0
200005019,'1034079',1322,,934,3,,,0
200005019,'1034092',559,,936,3,,,0
200005019,'1034098',1522,,938,3,,,0
200005019,'1034119',1642,,939,3,,,0
200005019,'1034137',1203,,941,3,,,0
200005019,'1034150',1842,,942,3,,,0
200005019,'1034165',2032,,944,3,,,0
200005019,'1034203',1922,,947,3,,,0
200005019,'1034213',747,,949,3,,,0
200005019,'1034236',1015,,952,3,,,0
200005019,'1034256',711,,953,3,,,0
200005019,'1034264',1402,,954,3,,,0
200005019,'1034274',1124,,955,3,,,0
200005019,'1034279',1242,,956,3,,,0
200005019,'1034318',2305,,962,3,,,0
200005019,'1034341',635,,964,3,,,0
200005019,'1034344',2342,,965,3,,,0
200005019,'1034360',1602,,967,3,,,0
200005019,'1034392',1722,,969,3,,,0
200005019,'1034401',1802,,970,3,,,0
200005019,'1034412',2228,,973,3,,,0
200005019,'1034421',859,,974,3,,,0
200005019,'1034456',2151,,977,3,,,0
200005019,'1035452',559,,1509,3,,,0
200005019,'1035456',2305,,1510,3,,,0
200005019,'1035465',1242,,1511,3,,,0
200005019,'1035476',2228,,1512,3,,,0
200005019,'1035492',1322,,1513,3,,,0
200005019,'1035498',2032,,1514,3,,,0
200005019,'1035530',711,,1515,3,,,0
200005019,'1035539',2342,,1516,3,,,0
200005019,'1035576',936,,1517,3,,,0
200005019,'1035587',1842,,1518,3,,,0
200005019,'1035604',1602,,1519,3,,,0
200005019,'1035607',1802,,1520,3,,,0
200005019,'1035610',747,,1521,3,,,0
200005019,'1035620',1722,,1522,3,,,0
200005019,'1035624',823,,1523,3,,,0
200005019,'1035627',2151,,1524,3,,,0
200005019,'1035633',1522,,1525,3,,,0
200005019,'1035662',859,,1526,3,,,0
200005019,'1035667',1124,,1527,3,,,0
200005019,'1035669',1402,,1528,3,,,0
200005019,'1035677',1642,,1529,3,,,0
200005019,'1035686',635,,1530,3,,,0
200005019,'1035697',1203,,1531,3,,,0
200005019,'1035709',2112,,1532,3,,,0
200005019,'1035735',1015,,1533,3,,,0
200005019,'1035743',1442,,1534,3,,,0
200005019,'1035744',1922,,1535,3,,,0
