1029,'1033981',2327,,516,12,0,26,0
1029,'1033986',2302,,517,12,4,,0
1029,'1034005',2210,,519,12,4,,0
1029,'1034007',710,,520,12,,,0
1029,'1034015',1416,,521,12,4,,0
1029,'1034017',1207,,522,12,4,,0
1029,'1034018',736,,523,12,,,0
1029,'1034027',643,,525,12,,,0
1029,'1034039',1853,,526,12,4,,0
1029,'1034040',1712,,527,12,,,0
1029,'1034045',1324,,529,12,4,,0
1029,'1034060',1308,,531,12,,,0
1029,'1034069',1011,,534,12,4,,0
1029,'1034111',1536,,541,12,4,,0
1029,'1034117',1036,,543,12,4,,0
1029,'1034132',1504,,545,12,4,,0
1029,'1034144',2119,,549,12,4,,0
1029,'1034180',1909,,552,12,0,26,0
1029,'1034183',1734,,554,12,,,0
1029,'1034209',2015,,556,12,4,,0
1029,'1034212',1925,,557,12,4,,0
1029,'1034214',1432,,558,12,4,,0
1029,'1034239',1624,,561,12,,,0
1029,'1034241',1656,,562,12,,,0
1029,'1034243',1448,,563,12,4,,0
1029,'1034248',831,,564,12,,,0
1029,'1034251',2236,,567,12,4,,0
1029,'1034261',1059,,568,12,4,,0
1029,'1034262',910,,569,12,4,,0
1029,'1034265',1142,,570,12,4,,0
1029,'1034280',1223,,572,12,4,,0
1029,'1034292',1121,,576,12,4,,0
1029,'1034300',550,,577,12,,,0
1029,'1034307',1822,,580,12,,,0
1029,'1034313',1520,,582,12,4,,0
1029,'1034319',1400,,584,12,4,,0
1029,'1034346',2103,,589,12,0,26,0
1029,'1034358',950,,590,12,4,,0
1029,'1034368',2047,,594,12,4,,0
1029,'1034371',1750,,595,12,,,0
1029,'1034378',1608,,596,12,4,,0
1029,'1034387',1806,,599,12,,,0
1029,'1034396',1340,,602,12,4,,0
1029,'1034402',2354,,603,12,0,26,0
1029,'1034416',1238,,606,12,4,,0
1029,'1034417',2144,,607,12,4,,0
1029,'1034430',930,,608,12,4,,0
1029,'1034434',1941,,609,12,4,,0
1029,'1034444',805,,610,12,,,0
1029,'1034465',1552,,612,12,4,,0
1029,'1034476',1252,,614,12,,,0
1029,'1034478',1837,,615,12,4,,0
1029,'1034479',1640,,616,12,,,0
1029,'1035427',2158,,1142,12,4,,0
1029,'1035432',2220,,1143,12,4,,0
1029,'1035440',1421,,1144,12,4,,0
1029,'1035448',1925,,1145,12,4,,0
1029,'1035453',635,,1146,12,,,0
1029,'1035458',1200,,1147,12,4,,0
1029,'1035470',1659,,1148,12,,,0
1029,'1035473',1947,,1149,12,4,,0
1029,'1035478',1318,,1150,12,,,0
1029,'1035482',1729,,1151,12,,,0
1029,'1035483',1600,,1152,12,,,0
1029,'1035497',851,,1153,12,4,,0
1029,'1035502',1828,,1154,12,,,0
1029,'1035505',725,,1155,12,,,0
1029,'1035509',1630,,1156,12,,,0
1029,'1035512',1108,,1157,12,4,,0
1029,'1035518',750,,1158,12,,,0
1029,'1035521',2014,,1159,12,4,,0
1029,'1035550',1351,,1160,12,4,,0
1029,'1035561',1225,,1161,12,4,,0
1029,'1035573',1758,,1162,12,,,0
1029,'1035582',815,,1163,12,,,0
1029,'1035586',1534,,1164,12,4,,0
1029,'1035588',2245,,1165,12,4,,0
1029,'1035621',2106,,1166,12,4,,0
1029,'1035648',2133,,1167,12,4,,0
1029,'1035654',916,,1168,12,4,,0
1029,'1035682',2332,,1169,12,0,26,0
1029,'1035696',942,,1170,12,4,,0
1029,'1035698',1510,,1171,12,4,,0
1029,'1035699',1133,,1172,12,4,,0
1029,'1035706',1445,,1173,12,4,,0
1029,'1035707',1253,,1174,12,,,0
1029,'1035708',1855,,1175,12,4,,0
1029,'1035712',1038,,1176,12,4,,0
1029,'1035715',549,,1177,12,,,0
1029,'1035745',2307,,1178,12,0,26,0
3029,'1033972',2225,,702,3,,,0
3029,'1034000',835,,704,3,,,0
3029,'1034001',616,,705,3,,,0
3029,'1034002',1412,,706,3,,,0
3029,'1034013',946,,709,3,,,0
3029,'1034021',639,,712,3,,,0
3029,'1034023',1521,,713,3,,,0
3029,'1034026',1326,,714,3,,,0
3029,'1034057',1942,,717,3,,,0
3029,'1034072',2005,,719,3,,,0
3029,'1034083',1830,,721,3,,,0
3029,'1034130',2116,,725,3,,,0
3029,'1034141',1742,,726,3,,,0
3029,'1034174',1610,,729,3,,,0
3029,'1034199',2052,,732,3,,,0
3029,'1034208',1020,,733,3,,,0
3029,'1034223',724,,736,3,,,0
3029,'1034231',701,,737,3,,,0
3029,'1034240',553,,740,3,,,0
3029,'1034266',1805,,744,3,,,0
3029,'1034271',1457,,745,3,,,0
3029,'1034272',812,,746,3,,,0
3029,'1034294',1303,,747,3,,,0
3029,'1034323',1435,,748,3,,,0
3029,'1034329',1128,,749,3,,,0
3029,'1034332',1719,,750,3,,,0
3029,'1034334',1100,,751,3,,,0
3029,'1034337',859,,752,3,,,0
3029,'1034338',923,,753,3,,,0
3029,'1034365',2332,,757,3,,,0
3029,'1034398',748,,761,3,,,0
3029,'1034418',1656,,762,3,,,0
3029,'1034419',1854,,763,3,,,0
3029,'1034420',1239,,764,3,,,0
3029,'1034426',1214,,767,3,,,0
3029,'1034431',1154,,770,3,,,0
3029,'1034448',1348,,773,3,,,0
3029,'1034455',1546,,774,3,,,0
3029,'1034463',1633,,775,3,,,0
3029,'1035424',1656,,1300,3,,,0
3029,'1035433',701,,1301,3,,,0
3029,'1035454',1742,,1302,3,,,0
3029,'1035455',1633,,1303,3,,,0
3029,'1035461',616,,1304,3,,,0
3029,'1035466',748,,1305,3,,,0
3029,'1035467',1457,,1306,3,,,0
3029,'1035469',1435,,1307,3,,,0
3029,'1035480',2225,,1308,3,,,0
3029,'1035487',1348,,1309,3,,,0
3029,'1035499',1805,,1310,3,,,0
3029,'1035510',1942,,1311,3,,,0
3029,'1035516',1239,,1312,3,,,0
3029,'1035522',946,,1313,3,,,0
3029,'1035525',859,,1314,3,,,0
3029,'1035535',1214,,1315,3,,,0
3029,'1035536',553,,1316,3,,,0
3029,'1035562',1128,,1317,3,,,0
3029,'1035574',1303,,1318,3,,,0
3029,'1035577',1326,,1319,3,,,0
3029,'1035592',1719,,1320,3,,,0
3029,'1035597',1546,,1321,3,,,0
3029,'1035608',639,,1322,3,,,0
3029,'1035631',1830,,1323,3,,,0
3029,'1035632',1521,,1324,3,,,0
3029,'1035634',2116,,1325,3,,,0
3029,'1035636',1854,,1326,3,,,0
3029,'1035637',1412,,1327,3,,,0
3029,'1035640',1154,,1328,3,,,0
3029,'1035652',1020,,1329,3,,,0
3029,'1035663',2005,,1330,3,,,0
3029,'1035668',1100,,1331,3,,,0
3029,'1035672',1610,,1332,3,,,0
3029,'1035689',724,,1333,3,,,0
3029,'1035690',835,,1334,3,,,0
3029,'1035691',2332,,1335,3,,,0
3029,'1035716',812,,1336,3,,,0
3029,'1035720',923,,1337,3,,,0
3029,'1035732',2052,,1338,3,,,0
6019,'1034657',1048,,1069,3,,,0
6019,'1034658',908,,1070,3,,,0
6019,'1034659',803,,1071,3,,,0
6019,'1034664',1013,,1076,3,,,0
6019,'1034665',1627,,1077,3,,,0
6019,'1034666',1552,,1078,3,,,0
6019,'1034667',1332,,1079,3,,,0
6019,'1034668',1257,,1080,3,,,0
6019,'1034670',1702,,1082,3,,,0
6019,'1034671',1118,,1083,3,,,0
6019,'1034673',1442,,1085,3,,,0
6019,'1034676',1946,,1088,3,,,0
6019,'1034679',1517,,1091,3,,,0
6019,'1034680',2013,,1092,3,,,0
6019,'1034682',1737,,1094,3,,,0
6019,'1034684',1407,,1096,3,,,0
6019,'1034688',1222,,1100,3,,,0
6019,'1034690',1912,,1102,3,,,0
6019,'1034691',1812,,1103,3,,,0
