12019,'1034073',1352,,853,2,,,0
12019,'1034126',802,,855,2,,,0
12019,'1034222',1144,,857,2,,,0
12019,'1034244',1527,,858,2,,,0
12019,'1034247',1248,,859,2,,,0
12019,'1034305',1010,,861,2,,,0
12019,'1034411',1737,,864,2,,,0
12019,'1034432',906,,867,2,,,0
12019,'1034454',1632,,869,2,,,0
200005029,'1033993',1425,,927,2,,,0
200005029,'1034008',2325,,929,2,,,0
200005029,'1034016',2248,,930,2,,,0
200005029,'1034041',1146,,931,2,,,0
200005029,'1034055',1225,,932,2,,,0
200005029,'1034086',2015,,935,2,,,0
200005029,'1034093',656,,937,2,,,0
200005029,'1034122',1545,,940,2,,,0
200005029,'1034151',620,,943,2,,,0
200005029,'1034170',1905,,945,2,,,0
200005029,'1034187',2055,,946,2,,,0
200005029,'1034207',1345,,948,2,,,0
200005029,'1034217',808,,950,2,,,0
200005029,'1034224',1705,,951,2,,,0
200005029,'1034289',2402,,957,2,,,0
200005029,'1034293',1305,,958,2,,,0
200005029,'1034306',1745,,959,2,,,0
200005029,'1034314',1505,,960,2,,,0
200005029,'1034317',958,,961,2,,,0
200005029,'1034331',732,,963,2,,,0
200005029,'1034353',1625,,966,2,,,0
200005029,'1034366',920,,968,2,,,0
200005029,'1034405',1107,,971,2,,,0
200005029,'1034409',2134,,972,2,,,0
200005029,'1034442',1825,,975,2,,,0
200005029,'1034450',844,,976,2,,,0
200005029,'1034457',2211,,978,2,,,0
200005029,'1035430',2015,,1536,2,,,0
200005029,'1035444',1825,,1537,2,,,0
200005029,'1035457',920,,1538,2,,,0
200005029,'1035459',2248,,1539,2,,,0
200005029,'1035462',1705,,1540,2,,,0
200005029,'1035464',2134,,1541,2,,,0
200005029,'1035477',844,,1542,2,,,0
200005029,'1035488',732,,1543,2,,,0
200005029,'1035501',2055,,1544,2,,,0
200005029,'1035517',1345,,1545,2,,,0
200005029,'1035559',1625,,1546,2,,,0
200005029,'1035568',1505,,1547,2,,,0
200005029,'1035579',1305,,1548,2,,,0
200005029,'1035581',1107,,1549,2,,,0
200005029,'1035594',2402,,1551,2,,,0
200005029,'1035595',1745,,1552,2,,,0
200005029,'1035602',620,,1553,2,,,0
200005029,'1035605',1225,,1554,2,,,0
200005029,'1035635',1425,,1555,2,,,0
200005029,'1035639',2211,,1556,2,,,0
200005029,'1035645',1545,,1557,2,,,0
200005029,'1035647',808,,1558,2,,,0
200005029,'1035649',656,,1559,2,,,0
200005029,'1035683',1146,,1560,2,,,0
200005029,'1035725',1905,,1561,2,,,0
200005029,'1035734',2325,,1562,2,,,0
200005029,'1035746',958,,1563,2,,,0
