2029,'1033960',1429,,617,6,,,0
2029,'1033963',2208,,619,6,,,0
2029,'1033970',1305,,622,6,,,0
2029,'1033983',2238,,623,6,,,0
2029,'1033989',1927,,624,6,,,0
2029,'1033990',1720,,625,6,,,0
2029,'1034004',1555,,627,6,,,0
2029,'1034028',815,,630,6,,,0
2029,'1034034',1142,,632,6,,,0
2029,'1034044',2308,,633,6,,,0
2029,'1034064',842,,636,6,,,0
2029,'1034145',1203,,650,6,,,0
2029,'1034149',2332,,651,6,,,0
2029,'1034157',1739,,654,6,,,0
2029,'1034163',1533,,656,6,,,0
2029,'1034164',1049,,657,6,,,0
2029,'1034196',1658,,662,6,,,0
2029,'1034202',1948,,663,6,,,0
2029,'1034205',1637,,664,6,,,0
2029,'1034216',1408,,666,6,,,0
2029,'1034218',748,,667,6,,,0
2029,'1034226',1906,,668,6,,,0
2029,'1034227',1223,,669,6,,,0
2029,'1034230',1451,,671,6,,,0
2029,'1034273',2138,,672,6,,,0
2029,'1034278',2107,,673,6,,,0
2029,'1034285',941,,674,6,,,0
2029,'1034295',1116,,675,6,,,0
2029,'1034296',909,,676,6,,,0
2029,'1034297',1824,,677,6,,,0
2029,'1034308',2038,,679,6,,,0
2029,'1034325',1326,,682,6,,,0
2029,'1034326',721,,683,6,,,0
2029,'1034327',2012,,684,6,,,0
2029,'1034343',1012,,685,6,,,0
2029,'1034355',1616,,686,6,,,0
2029,'1034369',1512,,689,6,,,0
2029,'1034386',1244,,692,6,,,0
2029,'1034395',627,,694,6,,,0
2029,'1034414',1347,,696,6,,,0
2029,'1034433',1800,,697,6,,,0
2029,'1034477',1845,,700,6,,,0
2029,'1034864',1800,,1220,3,,,0
2029,'1034865',1244,,1221,3,,,0
2029,'1034869',2130,,1222,3,,,0
2029,'1034872',2233,,1223,3,,,0
2029,'1034876',2151,,1224,3,,,0
2029,'1034877',1600,,1225,3,,,0
2029,'1034882',1308,,1226,3,,,0
2029,'1034883',1132,,1227,3,,,0
2029,'1034893',1156,,1228,3,,,0
2029,'1034899',950,,1229,3,,,0
2029,'1034901',1736,,1230,3,,,0
2029,'1034902',621,,1231,3,,,0
2029,'1034908',1508,,1232,3,,,0
2029,'1034914',1536,,1233,3,,,0
2029,'1034919',1356,,1234,3,,,0
2029,'1034922',816,,1235,3,,,0
2029,'1034926',2254,,1236,3,,,0
2029,'1034929',1420,,1237,3,,,0
2029,'1034933',2109,,1238,3,,,0
2029,'1034938',1220,,1239,3,,,0
2029,'1034940',1444,,1240,3,,,0
2029,'1034944',731,,1241,3,,,0
2029,'1034945',1933,,1242,3,,,0
2029,'1034947',753,,1243,3,,,0
2029,'1034948',2048,,1244,3,,,0
2029,'1034950',1848,,1245,3,,,0
2029,'1034954',1912,,1246,3,,,0
2029,'1034956',1824,,1247,3,,,0
2029,'1034957',1712,,1248,3,,,0
2029,'1034959',1332,,1249,3,,,0
2029,'1034962',2027,,1250,3,,,0
2029,'1034963',707,,1251,3,,,0
2029,'1034964',1648,,1252,3,,,0
2029,'1034965',902,,1253,3,,,0
2029,'1034970',1044,,1254,3,,,0
2029,'1034971',2212,,1255,3,,,0
2029,'1034976',2315,,1256,3,,,0
2029,'1034979',1624,,1257,3,,,0
2029,'1034980',1108,,1258,3,,,0
2029,'1034987',926,,1259,3,,,0
2029,'1034988',838,,1260,3,,,0
