200005019,'1033977',1447,,925,5,,,0
200005019,'1033982',828,,926,5,,,0
200005019,'1033995',2117,,928,5,,,0
200005019,'1034075',941,,933,5,,,0
200005019,'1034079',1327,,934,5,,,0
200005019,'1034092',604,,936,5,,,0
200005019,'1034098',1527,,938,5,,,0
200005019,'1034119',1647,,939,5,,,0
200005019,'1034137',1208,,941,5,,,0
200005019,'1034150',1847,,942,5,,,0
200005019,'1034165',2037,,944,5,,,0
200005019,'1034203',1927,,947,5,,,0
200005019,'1034213',752,,949,5,,,0
200005019,'1034236',1020,,952,5,,,0
200005019,'1034256',716,,953,5,,,0
200005019,'1034264',1407,,954,5,,,0
200005019,'1034274',1129,,955,5,,,0
200005019,'1034279',1247,,956,5,,,0
200005019,'1034318',2310,,962,5,,,0
200005019,'1034341',640,,964,5,,,0
200005019,'1034344',2347,,965,5,,,0
200005019,'1034360',1607,,967,5,,,0
200005019,'1034392',1727,,969,5,,,0
200005019,'1034401',1807,,970,5,,,0
200005019,'1034412',2233,,973,5,,,0
200005019,'1034421',904,,974,5,,,0
200005019,'1034456',2156,,977,5,,,0
200005019,'1035452',604,,1509,5,,,0
200005019,'1035456',2310,,1510,5,,,0
200005019,'1035465',1247,,1511,5,,,0
200005019,'1035476',2233,,1512,5,,,0
200005019,'1035492',1327,,1513,5,,,0
200005019,'1035498',2037,,1514,5,,,0
200005019,'1035530',716,,1515,5,,,0
200005019,'1035539',2347,,1516,5,,,0
200005019,'1035576',941,,1517,5,,,0
200005019,'1035587',1847,,1518,5,,,0
200005019,'1035604',1607,,1519,5,,,0
200005019,'1035607',1807,,1520,5,,,0
200005019,'1035610',752,,1521,5,,,0
200005019,'1035620',1727,,1522,5,,,0
200005019,'1035624',828,,1523,5,,,0
200005019,'1035627',2156,,1524,5,,,0
200005019,'1035633',1527,,1525,5,,,0
200005019,'1035662',904,,1526,5,,,0
200005019,'1035667',1129,,1527,5,,,0
200005019,'1035669',1407,,1528,5,,,0
200005019,'1035677',1647,,1529,5,,,0
200005019,'1035686',640,,1530,5,,,0
200005019,'1035697',1208,,1531,5,,,0
200005019,'1035709',2117,,1532,5,,,0
200005019,'1035735',1020,,1533,5,,,0
200005019,'1035743',1447,,1534,5,,,0
200005019,'1035744',1927,,1535,5,,,0
