6019,'1034657',1111,,1069,10,4,,0
6019,'1034658',931,,1070,10,4,,0
6019,'1034659',826,,1071,10,4,,0
6019,'1034664',1036,,1076,10,4,,0
6019,'1034665',1650,,1077,10,4,,0
6019,'1034666',1615,,1078,10,4,,0
6019,'1034667',1355,,1079,10,4,,0
6019,'1034668',1320,,1080,10,4,,0
6019,'1034670',1725,,1082,10,4,,0
6019,'1034671',1141,,1083,10,4,,0
6019,'1034673',1505,,1085,10,4,,0
6019,'1034676',2009,,1088,10,4,,0
6019,'1034679',1540,,1091,10,4,,0
6019,'1034680',2036,,1092,10,4,,0
6019,'1034682',1800,,1094,10,4,,0
6019,'1034684',1430,,1096,10,4,,0
6019,'1034688',1245,,1100,10,4,,0
6019,'1034690',1935,,1102,10,4,,0
6019,'1034691',1835,,1103,10,4,,0
6029,'1034655',1438,,1067,1,,,0
6029,'1034656',1513,,1068,1,,,0
6029,'1034660',2041,,1072,1,,,0
6029,'1034661',1913,,1073,1,,,0
6029,'1034662',1548,,1074,1,,,0
6029,'1034663',1658,,1075,1,,,0
6029,'1034669',1733,,1081,1,,,0
6029,'1034672',1808,,1084,1,,,0
6029,'1034674',2014,,1086,1,,,0
6029,'1034675',1216,,1087,1,,,0
6029,'1034677',1403,,1089,1,,,0
6029,'1034678',1253,,1090,1,,,0
6029,'1034681',830,,1093,1,,,0
6029,'1034683',1115,,1095,1,,,0
6029,'1034685',1328,,1097,1,,,0
6029,'1034686',1040,,1098,1,,,0
6029,'1034687',1940,,1099,1,,,0
6029,'1034689',1623,,1101,1,,,0
6029,'1034692',935,,1104,1,,,0
