200005019,'1033977',1450,,925,9,,,0
200005019,'1033982',831,,926,9,,,0
200005019,'1033995',2120,,928,9,,,0
200005019,'1034075',944,,933,9,,,0
200005019,'1034079',1330,,934,9,,,0
200005019,'1034092',607,,936,9,,,0
200005019,'1034098',1530,,938,9,,,0
200005019,'1034119',1650,,939,9,,,0
200005019,'1034137',1211,,941,9,,,0
200005019,'1034150',1850,,942,9,,,0
200005019,'1034165',2040,,944,9,,,0
200005019,'1034203',1930,,947,9,,,0
200005019,'1034213',755,,949,9,,,0
200005019,'1034236',1023,,952,9,,,0
200005019,'1034256',719,,953,9,,,0
200005019,'1034264',1410,,954,9,,,0
200005019,'1034274',1132,,955,9,,,0
200005019,'1034279',1250,,956,9,,,0
200005019,'1034318',2313,,962,9,,,0
200005019,'1034341',643,,964,9,,,0
200005019,'1034344',2350,,965,9,,,0
200005019,'1034360',1610,,967,9,,,0
200005019,'1034392',1730,,969,9,,,0
200005019,'1034401',1810,,970,9,,,0
200005019,'1034412',2236,,973,9,,,0
200005019,'1034421',907,,974,9,,,0
200005019,'1034456',2159,,977,9,,,0
200005019,'1035452',607,,1509,9,,,0
200005019,'1035456',2313,,1510,9,,,0
200005019,'1035465',1250,,1511,9,,,0
200005019,'1035476',2236,,1512,9,,,0
200005019,'1035492',1330,,1513,9,,,0
200005019,'1035498',2040,,1514,9,,,0
200005019,'1035530',719,,1515,9,,,0
200005019,'1035539',2350,,1516,9,,,0
200005019,'1035576',944,,1517,9,,,0
200005019,'1035587',1850,,1518,9,,,0
200005019,'1035604',1610,,1519,9,,,0
200005019,'1035607',1810,,1520,9,,,0
200005019,'1035610',755,,1521,9,,,0
200005019,'1035620',1730,,1522,9,,,0
200005019,'1035624',831,,1523,9,,,0
200005019,'1035627',2159,,1524,9,,,0
200005019,'1035633',1530,,1525,9,,,0
200005019,'1035662',907,,1526,9,,,0
200005019,'1035667',1132,,1527,9,,,0
200005019,'1035669',1410,,1528,9,,,0
200005019,'1035677',1650,,1529,9,,,0
200005019,'1035686',643,,1530,9,,,0
200005019,'1035697',1211,,1531,9,,,0
200005019,'1035709',2120,,1532,9,,,0
200005019,'1035735',1023,,1533,9,,,0
200005019,'1035743',1450,,1534,9,,,0
200005019,'1035744',1930,,1535,9,,,0
