1029,'1034007',714,,520,14,4,,0
1029,'1034018',740,,523,14,4,,0
1029,'1034027',647,,525,14,4,,0
1029,'1034040',1716,,527,14,4,,0
1029,'1034060',1312,,531,14,4,,0
1029,'1034183',1738,,554,14,4,,0
1029,'1034239',1628,,561,14,4,,0
1029,'1034241',1700,,562,14,4,,0
1029,'1034248',835,,564,14,4,,0
1029,'1034300',554,,577,14,4,,0
1029,'1034307',1826,,580,14,4,,0
1029,'1034371',1754,,595,14,4,,0
1029,'1034387',1810,,599,14,4,,0
1029,'1034444',809,,610,14,4,,0
1029,'1034476',1256,,614,14,4,,0
1029,'1034479',1644,,616,14,4,,0
1029,'1035453',639,,1146,14,4,,0
1029,'1035470',1703,,1148,14,4,,0
1029,'1035478',1322,,1150,14,4,,0
1029,'1035482',1733,,1151,14,4,,0
1029,'1035483',1604,,1152,14,4,,0
1029,'1035502',1832,,1154,14,4,,0
1029,'1035505',729,,1155,14,4,,0
1029,'1035509',1634,,1156,14,4,,0
1029,'1035518',754,,1158,14,4,,0
1029,'1035573',1802,,1162,14,4,,0
1029,'1035582',819,,1163,14,4,,0
1029,'1035707',1257,,1174,14,4,,0
1029,'1035715',553,,1177,14,4,,0
