6029,'1034655',1458,,1067,7,,,0
6029,'1034656',1533,,1068,7,,,0
6029,'1034660',2101,,1072,7,,,0
6029,'1034661',1933,,1073,7,,,0
6029,'1034662',1608,,1074,7,,,0
6029,'1034663',1718,,1075,7,,,0
6029,'1034669',1753,,1081,7,,,0
6029,'1034672',1828,,1084,7,,,0
6029,'1034674',2034,,1086,7,,,0
6029,'1034675',1236,,1087,7,,,0
6029,'1034677',1423,,1089,7,,,0
6029,'1034678',1313,,1090,7,,,0
6029,'1034681',850,,1093,7,,,0
6029,'1034683',1135,,1095,7,,,0
6029,'1034685',1348,,1097,7,,,0
6029,'1034686',1100,,1098,7,,,0
6029,'1034687',2000,,1099,7,,,0
6029,'1034689',1643,,1101,7,,,0
6029,'1034692',955,,1104,7,,,0
