2019,'1034867',959,,1179,9,4,,0
2019,'1034868',2242,,1180,9,4,,0
2019,'1034870',823,,1181,9,4,,0
2019,'1034871',1745,,1182,9,4,,0
2019,'1034874',1521,,1183,9,4,,0
2019,'1034878',2342,,1184,9,4,,0
2019,'1034879',2221,,1185,9,4,,0
2019,'1034881',1253,,1186,9,4,,0
2019,'1034886',1453,,1187,9,4,,0
2019,'1034889',1023,,1188,9,4,,0
2019,'1034891',935,,1189,9,4,,0
2019,'1034896',1633,,1190,9,4,,0
2019,'1034897',2303,,1191,9,4,,0
2019,'1034898',1809,,1192,9,4,,0
2019,'1034903',1341,,1193,9,4,,0
2019,'1034909',1229,,1194,9,4,,0
2019,'1034911',1429,,1195,9,4,,0
2019,'1034912',911,,1196,9,4,,0
2019,'1034913',1657,,1197,9,4,,0
2019,'1034916',1857,,1198,9,4,,0
2019,'1034917',1405,,1199,9,4,,0
2019,'1034920',1609,,1200,9,4,,0
2019,'1034923',1141,,1201,9,4,,0
2019,'1034925',1317,,1202,9,4,,0
2019,'1034927',652,,1203,9,4,,0
2019,'1034935',801,,1204,9,4,,0
2019,'1034942',1205,,1205,9,4,,0
2019,'1034946',1117,,1206,9,4,,0
2019,'1034955',1833,,1207,9,4,,0
2019,'1034958',1918,,1208,9,4,,0
2019,'1034960',2324,,1209,9,4,,0
2019,'1034961',2118,,1210,9,4,,0
2019,'1034966',2200,,1211,9,4,,0
2019,'1034967',2003,,1212,9,4,,0
2019,'1034968',2139,,1213,9,4,,0
2019,'1034969',2057,,1214,9,4,,0
2019,'1034973',1942,,1215,9,4,,0
2019,'1034977',738,,1216,9,4,,0
2019,'1034984',1721,,1217,9,4,,0
2019,'1034985',1545,,1218,9,4,,0
2019,'1034986',849,,1219,9,4,,0
2029,'1033960',1423,,617,3,,,0
2029,'1033963',2202,,619,3,,,0
2029,'1033970',1259,,622,3,,,0
2029,'1033983',2232,,623,3,,,0
2029,'1033989',1921,,624,3,,,0
2029,'1033990',1714,,625,3,,,0
2029,'1034004',1549,,627,3,,,0
2029,'1034028',809,,630,3,,,0
2029,'1034034',1136,,632,3,,,0
2029,'1034044',2302,,633,3,,,0
2029,'1034064',836,,636,3,,,0
2029,'1034145',1157,,650,3,,,0
2029,'1034149',2326,,651,3,,,0
2029,'1034157',1733,,654,3,,,0
2029,'1034163',1527,,656,3,,,0
2029,'1034164',1043,,657,3,,,0
2029,'1034196',1652,,662,3,,,0
2029,'1034202',1942,,663,3,,,0
2029,'1034205',1631,,664,3,,,0
2029,'1034216',1402,,666,3,,,0
2029,'1034218',742,,667,3,,,0
2029,'1034226',1900,,668,3,,,0
2029,'1034227',1217,,669,3,,,0
2029,'1034230',1445,,671,3,,,0
2029,'1034273',2132,,672,3,,,0
2029,'1034278',2101,,673,3,,,0
2029,'1034285',935,,674,3,,,0
2029,'1034295',1110,,675,3,,,0
2029,'1034296',903,,676,3,,,0
2029,'1034297',1818,,677,3,,,0
2029,'1034308',2032,,679,3,,,0
2029,'1034325',1320,,682,3,,,0
2029,'1034326',715,,683,3,,,0
2029,'1034327',2006,,684,3,,,0
2029,'1034343',1006,,685,3,,,0
2029,'1034355',1610,,686,3,,,0
2029,'1034369',1506,,689,3,,,0
2029,'1034386',1238,,692,3,,,0
2029,'1034395',621,,694,3,,,0
2029,'1034414',1341,,696,3,,,0
2029,'1034433',1754,,697,3,,,0
2029,'1034477',1839,,700,3,,,0
