12029,'1033998',1232,,851,13,,,0
12029,'1034029',1616,,852,13,,,0
12029,'1034109',850,,854,13,,,0
12029,'1034290',1336,,860,13,,,0
12029,'1034406',954,,862,13,,,0
12029,'1034408',1058,,863,13,,,0
12029,'1034425',1721,,865,13,,,0
12029,'1034428',1441,,866,13,,,0
12029,'1034441',746,,868,2,,,0
12029,'1034696',1742,,1382,2,0,5 20,0
12029,'1034697',1022,,1383,2,0,5 20,0
12029,'1034698',1600,,1384,2,0,5 20,0
12029,'1034699',1135,,1385,2,0,5 20,0
12029,'1034700',855,,1386,2,0,5 20,0
12029,'1034702',1531,,1388,2,0,5 20,0
12029,'1034703',1826,,1389,2,0,5 20,0
12029,'1034704',1502,,1390,2,0,5 20,0
12029,'1034706',1204,,1392,2,0,5 20,0
12029,'1034714',1855,,1400,2,0,5 20,0
12029,'1034715',924,,1401,2,0,5 20,0
12029,'1034716',811,,1402,2,0,5 20,0
12029,'1034720',1713,,1406,2,0,5 20,0
12029,'1034722',1432,,1408,2,0,5 20,0
12029,'1034724',1644,,1410,2,0,5 20,0
12029,'1034725',1106,,1411,2,0,5 20,0
12029,'1034728',742,,1414,2,0,5 20,0
12029,'1034729',953,,1415,2,0,5 20,0
12029,'1035431',1855,,1419,2,0,5 20,0
12029,'1035438',1713,,1421,2,0,5 20,0
12029,'1035460',1204,,1422,2,0,5 20,0
12029,'1035472',1742,,1423,2,0,5 20,0
12029,'1035489',1502,,1425,2,0,5 20,0
12029,'1035495',1644,,1427,2,0,5 20,0
12029,'1035515',855,,1429,2,0,5 20,0
12029,'1035531',924,,1430,2,0,5 20,0
12029,'1035540',1432,,1433,2,0,5 20,0
12029,'1035613',1135,,1437,2,0,5 20,0
12029,'1035615',953,,1438,2,0,5 20,0
12029,'1035618',1826,,1439,2,0,5 20,0
12029,'1035619',1600,,1440,2,0,5 20,0
12029,'1035658',1022,,1443,2,0,5 20,0
12029,'1035659',1106,,1444,2,0,5 20,0
12029,'1035688',1531,,1446,2,0,5 20,0
12029,'1035695',742,,1448,2,0,5 20,0
12029,'1035711',811,,1450,2,0,5 20,0
