1019,'1033958',2140,,511,11,,,0
1019,'1033964',1617,,512,11,,,0
1019,'1033965',1727,,513,11,,,0
1019,'1033969',1836,,514,11,,,0
1019,'1033974',1655,,515,11,,,0
1019,'1033987',2232,,518,11,,,0
1019,'1034024',708,,524,11,,,0
1019,'1034043',2049,,528,11,,,0
1019,'1034052',1633,,530,11,,,0
1019,'1034065',1043,,532,11,,,0
1019,'1034066',1513,,533,11,,,0
1019,'1034088',1246,,535,11,,,0
1019,'1034095',1145,,536,11,,,0
1019,'1034096',1601,,537,11,,,0
1019,'1034101',1441,,538,11,,,0
1019,'1034105',1104,,539,11,,,0
1019,'1034108',1425,,540,11,,,0
1019,'1034112',1743,,542,11,,,0
1019,'1034124',2017,,544,11,,,0
1019,'1034134',522,,546,11,,,0
1019,'1034139',2114,,547,11,,,0
1019,'1034143',2324,,548,11,,,0
1019,'1034171',615,,550,11,,,0
1019,'1034179',1945,,551,11,,,0
1019,'1034182',2033,,553,11,,,0
1019,'1034191',1353,,555,11,,,0
1019,'1034233',1230,,559,11,,,0
1019,'1034234',642,,560,11,,,0
1019,'1034249',958,,565,11,,,0
1019,'1034250',1711,,566,11,,,0
1019,'1034268',1200,,571,11,,,0
1019,'1034282',834,,573,11,,,0
1019,'1034288',1529,,574,11,,,0
1019,'1034291',1820,,575,11,,,0
1019,'1034303',2206,,578,11,,,0
1019,'1034304',1021,,579,11,,,0
1019,'1034311',2258,,581,11,,,0
1019,'1034315',1457,,583,11,,,0
1019,'1034328',1545,,585,11,,,0
1019,'1034336',1852,,586,11,,,0
1019,'1034340',912,,587,11,,,0
1019,'1034342',1214,,588,11,,,0
1019,'1034362',1337,,591,11,,,0
1019,'1034363',737,,592,11,,,0
1019,'1034364',803,,593,11,,,0
1019,'1034379',1302,,597,11,,,0
1019,'1034385',1908,,598,11,,,0
1019,'1034391',933,,600,11,,,0
1019,'1034394',1321,,601,11,,,0
1019,'1034410',1129,,604,11,,,0
1019,'1034415',1804,,605,11,,,0
1019,'1034462',854,,611,11,,,0
1019,'1034469',1409,,613,11,,,0
1019,'1035428',1504,,1105,11,,,0
1019,'1035437',1222,,1106,11,,,0
1019,'1035441',1410,,1107,11,,,0
1019,'1035442',2131,,1108,11,,,0
1019,'1035443',2104,,1109,11,,,0
1019,'1035447',612,,1110,11,,,0
1019,'1035449',2305,,1111,11,,,0
1019,'1035479',1727,,1112,11,,,0
1019,'1035491',1321,,1113,11,,,0
1019,'1035520',1247,,1114,11,,,0
1019,'1035524',527,,1115,11,,,0
1019,'1035527',1155,,1116,11,,,0
1019,'1035541',1130,,1117,11,,,0
1019,'1035542',1346,,1118,11,,,0
1019,'1035543',2037,,1119,11,,,0
1019,'1035546',1825,,1120,11,,,0
1019,'1035548',1658,,1121,11,,,0
1019,'1035554',2240,,1122,11,,,0
1019,'1035555',1559,,1123,11,,,0
1019,'1035578',752,,1124,11,,,0
1019,'1035583',1757,,1125,11,,,0
1019,'1035590',1529,,1126,11,,,0
1019,'1035593',821,,1127,11,,,0
1019,'1035601',846,,1128,11,,,0
1019,'1035643',2153,,1129,11,,,0
1019,'1035655',1440,,1130,11,,,0
1019,'1035661',702,,1131,11,,,0
1019,'1035664',2218,,1132,11,,,0
1019,'1035674',1103,,1133,11,,,0
1019,'1035684',1038,,1134,11,,,0
1019,'1035702',1919,,1135,11,,,0
1019,'1035710',1008,,1136,11,,,0
1019,'1035717',1945,,1137,11,,,0
1019,'1035718',1628,,1138,11,,,0
1019,'1035723',727,,1139,11,,,0
1019,'1035731',912,,1140,11,,,0
1019,'1035733',1855,,1141,11,,,0
