1019,'1033958',2134,,511,7,,,0
1019,'1033964',1610,,512,7,,,0
1019,'1033965',1720,,513,7,,,0
1019,'1033969',1830,,514,7,,,0
1019,'1033974',1648,,515,7,,,0
1019,'1033987',2226,,518,7,,,0
1019,'1034024',703,,524,7,,,0
1019,'1034043',2043,,528,7,,,0
1019,'1034052',1626,,530,7,,,0
1019,'1034065',1036,,532,7,,,0
1019,'1034066',1506,,533,7,,,0
1019,'1034088',1239,,535,7,,,0
1019,'1034095',1138,,536,7,,,0
1019,'1034096',1554,,537,7,,,0
1019,'1034101',1434,,538,7,,,0
1019,'1034105',1057,,539,7,,,0
1019,'1034108',1418,,540,7,,,0
1019,'1034112',1736,,542,7,,,0
1019,'1034124',2011,,544,7,,,0
1019,'1034134',517,,546,7,,,0
1019,'1034139',2108,,547,7,,,0
1019,'1034143',2318,,548,7,,,0
1019,'1034171',610,,550,7,,,0
1019,'1034179',1939,,551,7,,,0
1019,'1034182',2027,,553,7,,,0
1019,'1034191',1346,,555,7,,,0
1019,'1034233',1223,,559,7,,,0
1019,'1034234',637,,560,7,,,0
1019,'1034249',951,,565,7,,,0
1019,'1034250',1704,,566,7,,,0
1019,'1034268',1153,,571,7,,,0
1019,'1034282',827,,573,7,,,0
1019,'1034288',1522,,574,7,,,0
1019,'1034291',1814,,575,7,,,0
1019,'1034303',2200,,578,7,,,0
1019,'1034304',1014,,579,7,,,0
1019,'1034311',2252,,581,7,,,0
1019,'1034315',1450,,583,7,,,0
1019,'1034328',1538,,585,7,,,0
1019,'1034336',1846,,586,7,,,0
1019,'1034340',905,,587,7,,,0
1019,'1034342',1207,,588,7,,,0
1019,'1034362',1330,,591,7,,,0
1019,'1034363',732,,592,7,,,0
1019,'1034364',758,,593,7,,,0
1019,'1034379',1255,,597,7,,,0
1019,'1034385',1902,,598,7,,,0
1019,'1034391',926,,600,7,,,0
1019,'1034394',1314,,601,7,,,0
1019,'1034410',1122,,604,7,,,0
1019,'1034415',1758,,605,7,,,0
1019,'1034462',847,,611,7,,,0
1019,'1034469',1402,,613,7,,,0
1019,'1035428',1459,,1105,7,,,0
1019,'1035437',1217,,1106,7,,,0
1019,'1035441',1405,,1107,7,,,0
1019,'1035442',2126,,1108,7,,,0
1019,'1035443',2059,,1109,7,,,0
1019,'1035447',608,,1110,7,,,0
1019,'1035449',2300,,1111,7,,,0
1019,'1035479',1722,,1112,7,,,0
1019,'1035491',1316,,1113,7,,,0
1019,'1035520',1242,,1114,7,,,0
1019,'1035524',523,,1115,7,,,0
1019,'1035527',1150,,1116,7,,,0
1019,'1035541',1125,,1117,7,,,0
1019,'1035542',1341,,1118,7,,,0
1019,'1035543',2032,,1119,7,,,0
1019,'1035546',1820,,1120,7,,,0
1019,'1035548',1653,,1121,7,,,0
1019,'1035554',2235,,1122,7,,,0
1019,'1035555',1554,,1123,7,,,0
1019,'1035578',748,,1124,7,,,0
1019,'1035583',1752,,1125,7,,,0
1019,'1035590',1524,,1126,7,,,0
1019,'1035593',816,,1127,7,,,0
1019,'1035601',841,,1128,7,,,0
1019,'1035643',2148,,1129,7,,,0
1019,'1035655',1435,,1130,7,,,0
1019,'1035661',658,,1131,7,,,0
1019,'1035664',2213,,1132,7,,,0
1019,'1035674',1058,,1133,7,,,0
1019,'1035684',1033,,1134,7,,,0
1019,'1035702',1914,,1135,7,,,0
1019,'1035710',1003,,1136,7,,,0
1019,'1035717',1940,,1137,7,,,0
1019,'1035718',1623,,1138,7,,,0
1019,'1035723',723,,1139,7,,,0
1019,'1035731',907,,1140,7,,,0
1019,'1035733',1850,,1141,7,,,0
2029,'1033960',1436,,617,9,,,0
2029,'1033963',2215,,619,9,,,0
2029,'1033970',1312,,622,9,,,0
2029,'1033983',2245,,623,9,,,0
2029,'1033989',1934,,624,9,,,0
2029,'1033990',1727,,625,9,,,0
2029,'1034004',1602,,627,9,,,0
2029,'1034028',820,,630,9,,,0
2029,'1034034',1149,,632,9,,,0
2029,'1034044',2315,,633,9,,,0
2029,'1034064',849,,636,9,,,0
2029,'1034145',1210,,650,9,,,0
2029,'1034149',2339,,651,9,,,0
2029,'1034157',1746,,654,9,,,0
2029,'1034163',1540,,656,9,,,0
2029,'1034164',1056,,657,9,,,0
2029,'1034196',1705,,662,9,,,0
2029,'1034202',1955,,663,9,,,0
2029,'1034205',1644,,664,9,,,0
2029,'1034216',1415,,666,9,,,0
2029,'1034218',753,,667,9,,,0
2029,'1034226',1913,,668,9,,,0
2029,'1034227',1230,,669,9,,,0
2029,'1034230',1458,,671,9,,,0
2029,'1034273',2145,,672,9,,,0
2029,'1034278',2114,,673,9,,,0
2029,'1034285',948,,674,9,,,0
2029,'1034295',1123,,675,9,,,0
2029,'1034296',916,,676,9,,,0
2029,'1034297',1831,,677,9,,,0
2029,'1034308',2045,,679,9,,,0
2029,'1034325',1333,,682,9,,,0
2029,'1034326',726,,683,9,,,0
2029,'1034327',2019,,684,9,,,0
2029,'1034343',1019,,685,9,,,0
2029,'1034355',1623,,686,9,,,0
2029,'1034369',1519,,689,9,,,0
2029,'1034386',1251,,692,9,,,0
2029,'1034395',632,,694,9,,,0
2029,'1034414',1354,,696,9,,,0
2029,'1034433',1807,,697,9,,,0
2029,'1034477',1852,,700,9,,,0
2029,'1034864',1806,,1220,6,,,0
2029,'1034865',1250,,1221,6,,,0
2029,'1034869',2135,,1222,6,,,0
2029,'1034872',2238,,1223,6,,,0
2029,'1034876',2156,,1224,6,,,0
2029,'1034877',1606,,1225,6,,,0
2029,'1034882',1314,,1226,6,,,0
2029,'1034883',1138,,1227,6,,,0
2029,'1034893',1202,,1228,6,,,0
2029,'1034899',956,,1229,6,,,0
2029,'1034901',1742,,1230,6,,,0
2029,'1034902',626,,1231,6,,,0
2029,'1034908',1518,,1232,6,,,0
2029,'1034914',1542,,1233,6,,,0
2029,'1034919',1402,,1234,6,,,0
2029,'1034922',822,,1235,6,,,0
2029,'1034926',2259,,1236,6,,,0
2029,'1034929',1426,,1237,6,,,0
2029,'1034933',2114,,1238,6,,,0
2029,'1034938',1226,,1239,6,,,0
2029,'1034940',1454,,1240,6,,,0
2029,'1034944',736,,1241,6,,,0
2029,'1034945',1938,,1242,6,,,0
2029,'1034947',758,,1243,6,,,0
2029,'1034948',2053,,1244,6,,,0
2029,'1034950',1853,,1245,6,,,0
2029,'1034954',1917,,1246,6,,,0
2029,'1034956',1830,,1247,6,,,0
2029,'1034957',1718,,1248,6,,,0
2029,'1034959',1338,,1249,6,,,0
2029,'1034962',2032,,1250,6,,,0
2029,'1034963',712,,1251,6,,,0
2029,'1034964',1654,,1252,6,,,0
2029,'1034965',908,,1253,6,,,0
2029,'1034970',1050,,1254,6,,,0
2029,'1034971',2217,,1255,6,,,0
2029,'1034976',2320,,1256,6,,,0
2029,'1034979',1630,,1257,6,,,0
2029,'1034980',1114,,1258,6,,,0
2029,'1034987',932,,1259,6,,,0
2029,'1034988',844,,1260,6,,,0
4029,'1034010',903,,781,2,,,0
4029,'1034046',1446,,782,2,,,0
4029,'1034047',1155,,783,2,,,0
4029,'1034084',1359,,784,2,,,0
4029,'1034136',1019,,786,2,,,0
4029,'1034147',931,,787,2,,,0
4029,'1034177',1312,,789,2,,,0
4029,'1034197',1650,,791,2,,,0
4029,'1034373',1533,,793,2,,,0
4029,'1034436',1107,,795,2,,,0
7019,'1034866',810,,1339,4,,,0
7019,'1034884',652,,1340,4,,,0
7019,'1034885',1431,,1341,4,,,0
7019,'1034894',731,,1342,4,,,0
7019,'1034895',1934,,1343,4,,,0
7019,'1034900',1230,,1344,4,,,0
7019,'1034904',1632,,1345,4,,,0
7019,'1034907',924,,1346,4,,,0
7019,'1034915',845,,1347,4,,,0
7019,'1034918',1707,,1348,4,,,0
7019,'1034921',1042,,1349,4,,,0
7019,'1034924',1309,,1350,4,,,0
7019,'1034928',1510,,1351,4,,,0
7019,'1034930',1549,,1352,4,,,0
7019,'1034931',1855,,1353,4,,,0
7019,'1034932',1746,,1354,4,,,0
7019,'1034934',1003,,1355,4,,,0
7019,'1034943',2011,,1356,4,,,0
7019,'1034972',2046,,1357,4,,,0
7019,'1034975',1348,,1358,4,,,0
7019,'1034983',1151,,1359,4,,,0
